0.023305 -1.29706856836 0.0261801677368 -2.88309567812 -1.69275081802 -0.0511753114302 -0.660492445056 0.368649292155
0.023788 -1.29706856836 0.0261801677368 -2.88309567812 -1.69275081802 -0.0511753114302 -0.660492445056 0.368649292155
0.023835 -1.29706856836 0.0261801677368 -2.88309567812 -1.69275081802 -0.0511753114302 -0.660492445056 0.368649292155
0.030049 -1.29706856836 0.0261801677368 -2.88309567812 -1.69275081802 -0.0511753114302 -0.660492445056 0.368649292155
0.040054 -1.29668507207 0.0269471603058 -2.88424580934 -1.69351781059 -0.0530926028628 -0.659725214069 0.36826579587
0.050051 -1.29821905721 0.0273306565903 -2.88386243227 -1.69236732174 -0.0515586214502 -0.659341836993 0.367882687016
0.060095 -1.29745206464 0.0269471603058 -2.88386243227 -1.69275081802 -0.0523256102938 -0.660875822131 0.36826579587
0.070064 -1.29783556093 0.0269471603058 -2.88309567812 -1.69275081802 -0.0530926028628 -0.659725214069 0.369033533497
0.080071 -1.29706856836 0.0273306565903 -2.88424580934 -1.69351781059 -0.0523256102938 -0.660109067981 0.368649292155
0.090061 -1.29783556093 0.0265636640213 -2.88347905519 -1.69313431431 -0.0523256102938 -0.659725214069 0.367882687016
0.100710 -1.29745206464 0.0261801677368 -2.88386243227 -1.69198382545 -0.0519423039992 -0.660492445056 0.369800526066
0.110197 -1.29783556093 0.0269471603058 -2.8827118242 -1.69313431431 -0.0515586214502 -0.659725214069 0.368649292155
0.120062 -1.29745206464 0.0269471603058 -2.88424580934 -1.69236732174 -0.0511753114302 -0.660492445056 0.369033533497
0.130127 -1.29745206464 0.0265636640213 -2.88347905519 -1.69275081802 -0.0519423039992 -0.659341836993 0.369033533497
0.140057 -1.2986025535 0.0265636640213 -2.88347905519 -1.69198382545 -0.0519423039992 -0.660492445056 0.368649292155
0.150059 -1.29630157579 0.0273306565903 -2.88424580934 -1.69275081802 -0.0523256102938 -0.660109067981 0.367882687016
0.160057 -1.29783556093 0.0273306565903 -2.88386243227 -1.69160032917 -0.0523256102938 -0.659725214069 0.369417029782
0.170056 -1.29783556093 0.0261801677368 -2.88386243227 -1.69275081802 -0.0527092928428 -0.660109067981 0.369033533497
0.180056 -1.29783556093 0.0265636640213 -2.88386243227 -1.69313431431 -0.0527092928428 -0.660492445056 0.36826579587
0.190181 -1.29706856836 0.0273306565903 -2.88386243227 -1.69275081802 -0.0511753114302 -0.660109067981 0.368649292155
0.200042 -1.29783556093 0.0265636640213 -2.88347905519 -1.69390130688 -0.0523256102938 -0.660492445056 0.36826579587
0.210063 -1.29668507207 0.0265636640213 -2.88347905519 -1.69313431431 -0.0519423039992 -0.661259199207 0.369417029782
0.220077 -1.29668507207 0.0269471603058 -2.88386243227 -1.69275081802 -0.0523256102938 -0.660875822131 0.369800526066
0.230061 -1.29706856836 0.0269471603058 -2.88424580934 -1.69275081802 -0.0515586214502 -0.659341836993 0.36826579587
0.240057 -1.29745206464 0.0265636640213 -2.88386243227 -1.69236732174 -0.0519423039992 -0.660492445056 0.368649292155
0.250056 -1.29706856836 0.0269471603058 -2.88386243227 -1.69313431431 -0.0519423039992 -0.659725214069 0.369033533497
0.260075 -1.29745206464 0.0269471603058 -2.88386243227 -1.69236732174 -0.0507916288812 -0.660109067981 0.367882687016
0.270056 -1.29745206464 0.0265636640213 -2.88347905519 -1.69236732174 -0.0519423039992 -0.660875822131 0.36826579587
0.280061 -1.29745206464 0.0265636640213 -2.88424580934 -1.69313431431 -0.0515586214502 -0.661259199207 0.369417029782
0.290062 -1.29821905721 0.0269471603058 -2.88386243227 -1.69236732174 -0.0519423039992 -0.660875822131 0.369033533497
0.300084 -1.29745206464 0.0273306565903 -2.88347905519 -1.69275081802 -0.0523256102938 -0.660109067981 0.36826579587
0.310211 -1.29783556093 0.0273306565903 -2.88347905519 -1.69198382545 -0.0519423039992 -0.659725214069 0.36826579587
0.320059 -1.29745206464 0.0265636640213 -2.88386243227 -1.69160032917 -0.0519423039992 -0.660109067981 0.368649292155
0.330056 -1.2986025535 0.0273306565903 -2.88386243227 -1.69313431431 -0.0527092928428 -0.659341836993 0.370183664723
0.340058 -1.2986025535 0.0261801677368 -2.88424580934 -1.69198382545 -0.0519423039992 -0.660492445056 0.368649292155
0.350060 -1.29630157579 0.0269471603058 -2.88386243227 -1.69275081802 -0.0519423039992 -0.660492445056 0.369033533497
0.360054 -1.29706856836 0.0273306565903 -2.88232844713 -1.69313431431 -0.0519423039992 -0.659341836993 0.369033533497
0.370059 -1.29821905721 0.0265636640213 -2.88347905519 -1.69313431431 -0.0523256102938 -0.660109067981 0.368649292155
0.380057 -1.29706856836 0.0273306565903 -2.88347905519 -1.69313431431 -0.0519423039992 -0.660492445056 0.367882687016
0.390093 -1.29821905721 0.0277141528748 -2.88347905519 -1.69313431431 -0.0515586214502 -0.660109067981 0.367499190731
0.400056 -1.29745206464 0.0273306565903 -2.88462966325 -1.69236732174 -0.0527092928428 -0.660109067981 0.369417029782
0.410866 -1.29783556093 0.0265636640213 -2.8827118242 -1.69275081802 -0.0523256102938 -0.660492445056 0.367882687016
0.420092 -1.29783556093 0.0269471603058 -2.88347905519 -1.69351781059 -0.0527092928428 -0.660492445056 0.369033533497
0.430056 -1.29745206464 0.0280976491592 -2.88386243227 -1.69313431431 -0.0519423039992 -0.660109067981 0.369417029782
0.440013 -1.29668507207 0.0273306565903 -2.88462966325 -1.69313431431 -0.0519423039992 -0.661259199207 0.368649292155
0.450054 -1.29706856836 0.0269471603058 -2.88309567812 -1.69390130688 -0.0523256102938 -0.660875822131 0.367882687016
0.460058 -1.29783556093 0.0273306565903 -2.88424580934 -1.69313431431 -0.0534762854118 -0.659725214069 0.36826579587
0.470068 -1.29706856836 0.0273306565903 -2.88347905519 -1.69275081802 -0.0515586214502 -0.660109067981 0.36826579587
0.480067 -1.29668507207 0.0261801677368 -2.88386243227 -1.69313431431 -0.0527092928428 -0.660109067981 0.367882687016
0.490064 -1.29706856836 0.0277141528748 -2.88347905519 -1.69198382545 -0.0523256102938 -0.659725214069 0.368649292155
0.500076 -1.29783556093 0.0265636640213 -2.88309567812 -1.69313431431 -0.0519423039992 -0.660109067981 0.368649292155
0.510107 -1.29745206464 0.0273306565903 -2.88386243227 -1.69275081802 -0.0523256102938 -0.660109067981 0.36826579587
0.520058 -1.29706856836 0.0269471603058 -2.88309567812 -1.69236732174 -0.0519423039992 -0.660109067981 0.368649292155
0.530096 -1.29706856836 0.0280976491592 -2.88386243227 -1.69236732174 -0.0519423039992 -0.660492445056 0.36826579587
0.540056 -1.2986025535 0.0269471603058 -2.88347905519 -1.69313431431 -0.0523256102938 -0.660875822131 0.367499190731
0.550056 -1.29745206464 0.0273306565903 -2.88347905519 -1.69313431431 -0.0515586214502 -0.660492445056 0.369417029782
0.560143 -1.29668507207 0.0269471603058 -2.88424580934 -1.69351781059 -0.0519423039992 -0.659725214069 0.369800526066
0.570057 -1.29783556093 0.0269471603058 -2.88309567812 -1.69236732174 -0.0515586214502 -0.659725214069 0.369033533497
0.580058 -1.29745206464 0.0273306565903 -2.88424580934 -1.69160032917 -0.0519423039992 -0.659725214069 0.368649292155
0.590180 -1.29821905721 0.0273306565903 -2.88309567812 -1.69351781059 -0.0527092928428 -0.661259199207 0.369033533497
0.600058 -1.29745206464 0.0277141528748 -2.88309567812 -1.69275081802 -0.0519423039992 -0.659725214069 0.36826579587
0.610059 -1.29706856836 0.0261801677368 -2.88309567812 -1.69275081802 -0.0511753114302 -0.661259199207 0.36826579587
0.620284 -1.29668507207 0.0277141528748 -2.88424580934 -1.69198382545 -0.0519423039992 -0.660875822131 0.369033533497
0.630072 -1.29821905721 0.0261801677368 -2.88309567812 -1.69390130688 -0.0515586214502 -0.660492445056 0.369033533497
0.640058 -1.29783556093 0.0265636640213 -2.88386243227 -1.69313431431 -0.0519423039992 -0.660492445056 0.367882687016
0.650101 -1.29668507207 0.0280976491592 -2.88386243227 -1.69313431431 -0.0519423039992 -0.659341836993 0.369033533497
0.660061 -1.29745206464 0.0269471603058 -2.88386243227 -1.69351781059 -0.0530926028628 -0.660875822131 0.367499190731
0.670064 -1.29783556093 0.0265636640213 -2.88386243227 -1.69351781059 -0.0515586214502 -0.660109067981 0.36826579587
0.680061 -1.2986025535 0.0265636640213 -2.88347905519 -1.69390130688 -0.0519423039992 -0.660492445056 0.368649292155
0.690062 -1.29745206464 0.0265636640213 -2.88386243227 -1.69313431431 -0.0515586214502 -0.660109067981 0.369417029782
0.700066 -1.29630157579 0.0269471603058 -2.88347905519 -1.69390130688 -0.0519423039992 -0.660492445056 0.36826579587
0.710059 -1.29745206464 0.0280976491592 -2.88386243227 -1.69160032917 -0.0523256102938 -0.660492445056 0.36826579587
0.720089 -1.29706856836 0.0261801677368 -2.88347905519 -1.69236732174 -0.0530926028628 -0.658958459918 0.367882687016
0.730060 -1.29706856836 0.0269471603058 -2.88347905519 -1.69198382545 -0.0515586214502 -0.660492445056 0.367499190731
0.740060 -1.29821905721 0.0273306565903 -2.88347905519 -1.69275081802 -0.0530926028628 -0.660109067981 0.367882687016
0.750058 -1.29783556093 0.0265636640213 -2.8827118242 -1.69275081802 -0.0523256102938 -0.660875822131 0.36826579587
0.760065 -1.29706856836 0.0261801677368 -2.88386243227 -1.69466829944 -0.0523256102938 -0.660875822131 0.36826579587
0.770057 -1.29668507207 0.0265636640213 -2.88386243227 -1.69313431431 -0.0515586214502 -0.659341836993 0.36826579587
0.780056 -1.29668507207 0.0273306565903 -2.88309567812 -1.69351781059 -0.0527092928428 -0.660109067981 0.368649292155
0.790098 -1.29668507207 0.0273306565903 -2.88501304033 -1.69275081802 -0.0523256102938 -0.659725214069 0.36826579587
0.800077 -1.29745206464 0.0269471603058 -2.88309567812 -1.69313431431 -0.0527092928428 -0.660109067981 0.368649292155
0.810060 -1.29668507207 0.0261801677368 -2.88347905519 -1.69275081802 -0.0523256102938 -0.660109067981 0.36826579587
0.820187 -1.29553458322 0.0269471603058 -2.88347905519 -1.69275081802 -0.0527092928428 -0.660875822131 0.367499190731
0.830070 -1.29745206464 0.0269471603058 -2.88386243227 -1.69313431431 -0.0530926028628 -0.661259199207 0.368649292155
0.840054 -1.29706856836 0.0265636640213 -2.88309567812 -1.69275081802 -0.0511753114302 -0.660492445056 0.367499190731
0.850057 -1.29821905721 0.0273306565903 -2.88424580934 -1.69313431431 -0.0523256102938 -0.659725214069 0.368649292155
0.860074 -1.29706856836 0.0269471603058 -2.88424580934 -1.69313431431 -0.0523256102938 -0.660109067981 0.36826579587
0.870056 -1.29821905721 0.0273306565903 -2.88347905519 -1.69275081802 -0.0523256102938 -0.660875822131 0.368649292155
0.880061 -1.29706856836 0.0265636640213 -2.88424580934 -1.69313431431 -0.0527092928428 -0.660109067981 0.36826579587
0.890070 -1.29821905721 0.0265636640213 -2.8827118242 -1.69236732174 -0.0519423039992 -0.660875822131 0.369033533497
0.900059 -1.29783556093 0.0273306565903 -2.88309567812 -1.69351781059 -0.0519423039992 -0.660109067981 0.369800526066
0.910102 -1.29745206464 0.0273306565903 -2.88309567812 -1.69351781059 -0.0515586214502 -0.660875822131 0.367499190731
0.920201 -1.29783556093 0.0273306565903 -2.88347905519 -1.69236732174 -0.0523256102938 -0.660492445056 0.367882687016
0.930095 -1.29821905721 0.0273306565903 -2.88386243227 -1.69198382545 -0.0523256102938 -0.660109067981 0.368649292155
0.940054 -1.29821905721 0.0261801677368 -2.88424580934 -1.69390130688 -0.0519423039992 -0.660109067981 0.368649292155
0.950072 -1.29706856836 0.0261801677368 -2.8827118242 -1.69313431431 -0.0515586214502 -0.659341836993 0.368649292155
0.960057 -1.29783556093 0.0261801677368 -2.88347905519 -1.69275081802 -0.0519423039992 -0.660109067981 0.369033533497
0.970550 -1.29821905721 0.0273306565903 -2.88347905519 -1.69275081802 -0.0511753114302 -0.660109067981 0.368649292155
0.980056 -1.29706856836 0.0265636640213 -2.88232844713 -1.69275081802 -0.0519423039992 -0.660875822131 0.367882687016
0.990140 -1.29783556093 0.0277141528748 -2.88424580934 -1.69275081802 -0.0519423039992 -0.660875822131 0.36826579587
1.000073 -1.29706856836 0.0265636640213 -2.88386243227 -1.69313431431 -0.0519423039992 -0.660492445056 0.36826579587
1.010059 -1.29706856836 0.0273306565903 -2.88424580934 -1.69236732174 -0.0519423039992 -0.659725214069 0.367499190731
1.020060 -1.29745206464 0.0273306565903 -2.88386243227 -1.69313431431 -0.0523256102938 -0.660875822131 0.36826579587
1.030095 -1.29745206464 0.0277141528748 -2.88309567812 -1.69236732174 -0.0527092928428 -0.660875822131 0.367882687016
1.040107 -1.29783556093 0.0273306565903 -2.88386243227 -1.69313431431 -0.0519423039992 -0.660492445056 0.369033533497
1.050060 -1.29706856836 0.0273306565903 -2.88424580934 -1.69313431431 -0.0523256102938 -0.660109067981 0.368649292155
1.060060 -1.29706856836 0.0273306565903 -2.88424580934 -1.69275081802 -0.0523256102938 -0.658958459918 0.367499190731
1.070165 -1.29745206464 0.0273306565903 -2.88386243227 -1.69275081802 -0.0511753114302 -0.659725214069 0.367882687016
1.080060 -1.29706856836 0.0265636640213 -2.88347905519 -1.69198382545 -0.0527092928428 -0.659341836993 0.367882687016
1.090062 -1.29783556093 0.0269471603058 -2.88309567812 -1.69313431431 -0.0527092928428 -0.659725214069 0.368649292155
1.100075 -1.29745206464 0.0269471603058 -2.88462966325 -1.69313431431 -0.0523256102938 -0.659725214069 0.36826579587
1.110060 -1.29668507207 0.0265636640213 -2.88309567812 -1.69351781059 -0.0523256102938 -0.660109067981 0.368649292155
1.120060 -1.29668507207 0.0265636640213 -2.88309567812 -1.69313431431 -0.0511753114302 -0.659725214069 0.368649292155
1.130055 -1.29745206464 0.0277141528748 -2.88424580934 -1.69160032917 -0.0523256102938 -0.660492445056 0.36826579587
1.140409 -1.29706856836 0.0261801677368 -2.88386243227 -1.69275081802 -0.0530926028628 -0.660492445056 0.367882687016
1.150058 -1.29783556093 0.0265636640213 -2.88347905519 -1.69236732174 -0.0519423039992 -0.660109067981 0.369033533497
1.160058 -1.29668507207 0.0269471603058 -2.8827118242 -1.69236732174 -0.0519423039992 -0.659341836993 0.369033533497
1.170057 -1.29821905721 0.0265636640213 -2.88386243227 -1.69275081802 -0.0523256102938 -0.660109067981 0.36826579587
1.180079 -1.29783556093 0.0265636640213 -2.88424580934 -1.69313431431 -0.0515586214502 -0.660492445056 0.368649292155
1.190166 -1.29706856836 0.0265636640213 -2.88424580934 -1.69313431431 -0.0519423039992 -0.660875822131 0.368649292155
1.200111 -1.29783556093 0.0273306565903 -2.88347905519 -1.69313431431 -0.0527092928428 -0.661259199207 0.36826579587
1.210247 -1.29668507207 0.0269471603058 -2.88347905519 -1.69313431431 -0.0511753114302 -0.660109067981 0.367882687016
1.220074 -1.29668507207 0.0269471603058 -2.88386243227 -1.69275081802 -0.0523256102938 -0.659725214069 0.368649292155
1.230061 -1.29783556093 0.0273306565903 -2.88386243227 -1.69313431431 -0.0523256102938 -0.659725214069 0.369033533497
1.240058 -1.29706856836 0.0273306565903 -2.88386243227 -1.69275081802 -0.0515586214502 -0.658958459918 0.368649292155
1.250234 -1.2959180795 0.0261801677368 -2.88347905519 -1.69351781059 -0.0523256102938 -0.660492445056 0.367499190731
1.260070 -1.29783556093 0.0269471603058 -2.88424580934 -1.69428480316 -0.0507916288812 -0.659341836993 0.367499190731
1.270057 -1.29745206464 0.0269471603058 -2.88386243227 -1.69275081802 -0.0523256102938 -0.661259199207 0.369033533497
1.280058 -1.29706856836 0.0269471603058 -2.88309567812 -1.69275081802 -0.0515586214502 -0.660492445056 0.367882687016
1.290550 -1.29821905721 0.0273306565903 -2.88462966325 -1.69236732174 -0.0519423039992 -0.660875822131 0.36826579587
1.300068 -1.29706856836 0.0265636640213 -2.88462966325 -1.69313431431 -0.0507916288812 -0.660109067981 0.36826579587
1.310301 -1.2986025535 0.0265636640213 -2.88347905519 -1.69275081802 -0.0519423039992 -0.660492445056 0.367499190731
1.320061 -1.29783556093 0.0273306565903 -2.88462966325 -1.69313431431 -0.0523256102938 -0.659725214069 0.367499190731
1.330057 -1.29821905721 0.0277141528748 -2.88386243227 -1.69351781059 -0.0527092928428 -0.659341836993 0.36826579587
1.340130 -1.29706856836 0.0273306565903 -2.88424580934 -1.69275081802 -0.0519423039992 -0.660875822131 0.369033533497
1.350059 -1.29783556093 0.0269471603058 -2.88309567812 -1.69351781059 -0.0523256102938 -0.659341836993 0.368649292155
1.360215 -1.29821905721 0.0269471603058 -2.88347905519 -1.69275081802 -0.0527092928428 -0.659725214069 0.368649292155
1.370055 -1.29745206464 0.0261801677368 -2.88347905519 -1.69313431431 -0.0519423039992 -0.660875822131 0.367882687016
1.380061 -1.29783556093 0.0269471603058 -2.88424580934 -1.69351781059 -0.0515586214502 -0.660875822131 0.370183664723
1.390077 -1.29745206464 0.0261801677368 -2.88309567812 -1.69236732174 -0.0519423039992 -0.660492445056 0.367882687016
1.400084 -1.29783556093 0.0265636640213 -2.88309567812 -1.69275081802 -0.0519423039992 -0.660109067981 0.369417029782
1.410062 -1.29668507207 0.0269471603058 -2.88347905519 -1.69198382545 -0.0530926028628 -0.659725214069 0.367882687016
1.420064 -1.29668507207 0.0273306565903 -2.88386243227 -1.69351781059 -0.0523256102938 -0.660109067981 0.368649292155
1.430067 -1.29745206464 0.0261801677368 -2.88309567812 -1.69236732174 -0.0523256102938 -0.660875822131 0.367882687016
1.440056 -1.29668507207 0.0277141528748 -2.88347905519 -1.69313431431 -0.0527092928428 -0.660109067981 0.36826579587
1.450058 -1.29783556093 0.0269471603058 -2.88347905519 -1.69275081802 -0.0519423039992 -0.660492445056 0.367499190731
1.460086 -1.29706856836 0.0269471603058 -2.88347905519 -1.69236732174 -0.0519423039992 -0.659341836993 0.367882687016
1.470056 -1.29706856836 0.0257966714523 -2.88424580934 -1.69275081802 -0.0519423039992 -0.659725214069 0.368649292155
1.480122 -1.29821905721 0.0277141528748 -2.88424580934 -1.69313431431 -0.0511753114302 -0.659725214069 0.36826579587
1.490202 -1.29706856836 0.0257966714523 -2.88424580934 -1.69275081802 -0.0519423039992 -0.660875822131 0.367882687016
1.500088 -1.29821905721 0.0273306565903 -2.88462966325 -1.69351781059 -0.0511753114302 -0.659725214069 0.36826579587
1.510063 -1.29706856836 0.0265636640213 -2.88347905519 -1.69390130688 -0.0519423039992 -0.660875822131 0.368649292155
1.520061 -1.29706856836 0.0277141528748 -2.88424580934 -1.69313431431 -0.0519423039992 -0.660875822131 0.368649292155
1.530039 -1.29706856836 0.0273306565903 -2.88386243227 -1.69313431431 -0.0523256102938 -0.660875822131 0.36826579587
1.540058 -1.29745206464 0.0269471603058 -2.88386243227 -1.69236732174 -0.0519423039992 -0.659725214069 0.36826579587
1.550064 -1.29706856836 0.0265636640213 -2.88424580934 -1.69198382545 -0.0527092928428 -0.660875822131 0.368649292155
1.560061 -1.29745206464 0.0273306565903 -2.88309567812 -1.69275081802 -0.0515586214502 -0.659341836993 0.369417029782
1.570069 -1.29821905721 0.0265636640213 -2.88386243227 -1.69236732174 -0.0519423039992 -0.660875822131 0.36826579587
1.580058 -1.29745206464 0.0273306565903 -2.88424580934 -1.69275081802 -0.0523256102938 -0.660492445056 0.367882687016
1.590076 -1.29706856836 0.0269471603058 -2.88309567812 -1.69351781059 -0.0515586214502 -0.661259199207 0.369417029782
1.600057 -1.29783556093 0.0261801677368 -2.88386243227 -1.69236732174 -0.0515586214502 -0.660492445056 0.369033533497
1.610061 -1.29706856836 0.0261801677368 -2.88424580934 -1.69351781059 -0.0527092928428 -0.660875822131 0.36826579587
1.620060 -1.29706856836 0.0265636640213 -2.88386243227 -1.69236732174 -0.0511753114302 -0.661643053119 0.36826579587
1.630077 -1.29783556093 0.0257966714523 -2.88309567812 -1.69236732174 -0.0515586214502 -0.661259199207 0.368649292155
1.640076 -1.29706856836 0.0273306565903 -2.88347905519 -1.69351781059 -0.0530926028628 -0.660492445056 0.367499190731
1.650097 -1.29745206464 0.0269471603058 -2.88232844713 -1.69236732174 -0.0507916288812 -0.660492445056 0.366732585593
1.660058 -1.29783556093 0.0269471603058 -2.88424580934 -1.69351781059 -0.0523256102938 -0.660109067981 0.367882687016
1.670056 -1.29706856836 0.0265636640213 -2.88347905519 -1.69313431431 -0.0519423039992 -0.660492445056 0.367499190731
1.680062 -1.2986025535 0.0265636640213 -2.88309567812 -1.69390130688 -0.0523256102938 -0.660492445056 0.367882687016
1.690061 -1.29745206464 0.0269471603058 -2.88309567812 -1.69275081802 -0.0523256102938 -0.660492445056 0.36826579587
1.700059 -1.29821905721 0.0261801677368 -2.88462966325 -1.69236732174 -0.0519423039992 -0.661259199207 0.369417029782
1.710060 -1.29783556093 0.0265636640213 -2.88347905519 -1.69275081802 -0.0523256102938 -0.659341836993 0.369800526066
1.720262 -1.29898604978 0.0269471603058 -2.88386243227 -1.69275081802 -0.0523256102938 -0.659725214069 0.368649292155
1.730312 -1.29668507207 0.0265636640213 -2.88309567812 -1.69313431431 -0.0527092928428 -0.661259199207 0.367882687016
1.740057 -1.29783556093 0.0257966714523 -2.8827118242 -1.69313431431 -0.0523256102938 -0.660109067981 0.36826579587
1.750024 -1.29745206464 0.0269471603058 -2.88309567812 -1.69313431431 -0.0515586214502 -0.660492445056 0.369033533497
1.760192 -1.29668507207 0.0269471603058 -2.8827118242 -1.69313431431 -0.0523256102938 -0.660492445056 0.36826579587
1.770075 -1.29706856836 0.0265636640213 -2.88347905519 -1.69313431431 -0.0511753114302 -0.660492445056 0.36826579587
1.780062 -1.29630157579 0.0269471603058 -2.88347905519 -1.69313431431 -0.0519423039992 -0.660492445056 0.367882687016
1.790068 -1.29745206464 0.0273306565903 -2.88386243227 -1.69313431431 -0.0515586214502 -0.660109067981 0.367882687016
1.800089 -1.29783556093 0.0269471603058 -2.88386243227 -1.69313431431 -0.0515586214502 -0.660875822131 0.369417029782
1.810269 -1.29668507207 0.0261801677368 -2.88194507005 -1.69313431431 -0.0523256102938 -0.661259199207 0.367499190731
1.820093 -1.29783556093 0.0269471603058 -2.88309567812 -1.69275081802 -0.0511753114302 -0.661259199207 0.369800526066
1.830060 -1.29668507207 0.0269471603058 -2.88309567812 -1.69275081802 -0.0515586214502 -0.661643053119 0.370183664723
1.840022 -1.29668507207 0.0261801677368 -2.88347905519 -1.69236732174 -0.0519423039992 -0.660492445056 0.368649292155
1.850152 -1.29706856836 0.0273306565903 -2.88462966325 -1.69275081802 -0.0523256102938 -0.660875822131 0.369417029782
1.860060 -1.29668507207 0.0273306565903 -2.88386243227 -1.69313431431 -0.0515586214502 -0.660492445056 0.369417029782
1.870056 -1.29783556093 0.0273306565903 -2.88386243227 -1.69351781059 -0.0515586214502 -0.661259199207 0.36826579587
1.880058 -1.29630157579 0.0261801677368 -2.88309567812 -1.69275081802 -0.0507916288812 -0.660492445056 0.369033533497
1.890080 -1.29745206464 0.0261801677368 -2.88309567812 -1.69275081802 -0.0507916288812 -0.660109067981 0.36826579587
1.900061 -1.29706856836 0.0254131751678 -2.88347905519 -1.69275081802 -0.0507916288812 -0.660492445056 0.369033533497
1.910343 -1.29745206464 0.0261801677368 -2.88232844713 -1.69313431431 -0.0519423039992 -0.661643053119 0.368649292155
1.920143 -1.29745206464 0.0269471603058 -2.88309567812 -1.69390130688 -0.0515586214502 -0.660109067981 0.368649292155
1.930065 -1.29630157579 0.0261801677368 -2.88309567812 -1.69275081802 -0.0519423039992 -0.660492445056 0.36826579587
1.940129 -1.29783556093 0.0254131751678 -2.8827118242 -1.69428480316 -0.0507916288812 -0.660109067981 0.36826579587
1.950096 -1.29783556093 0.0257966714523 -2.88232844713 -1.69313431431 -0.0515586214502 -0.661643053119 0.368649292155
1.960058 -1.29706856836 0.0250296788834 -2.88232844713 -1.69390130688 -0.0519423039992 -0.661259199207 0.36826579587
1.970055 -1.29630157579 0.0246461825989 -2.8827118242 -1.69275081802 -0.0507916288812 -0.661643053119 0.368649292155
1.980055 -1.29668507207 0.0238791900299 -2.88232844713 -1.69351781059 -0.0519423039992 -0.661643053119 0.36826579587
1.990065 -1.2986025535 0.0227287011765 -2.8827118242 -1.69275081802 -0.0500246400375 -0.661259199207 0.368649292155
2.000061 -1.29821905721 0.0231121974609 -2.88386243227 -1.69351781059 -0.0519423039992 -0.659725214069 0.368649292155
2.010579 -1.29821905721 0.0231121974609 -2.88194507005 -1.69390130688 -0.0519423039992 -0.660875822131 0.369033533497
2.020120 -1.29745206464 0.0211947160385 -2.88232844713 -1.69313431431 -0.0519423039992 -0.660492445056 0.368649292155
2.030109 -1.2959180795 0.021578212323 -2.88156169298 -1.69275081802 -0.0507916288812 -0.661643053119 0.369033533497
2.040057 -1.29668507207 0.0211947160385 -2.88079446199 -1.69390130688 -0.0504083225865 -0.660492445056 0.368649292155
2.050059 -1.29783556093 0.0227287011765 -2.88002770784 -1.69351781059 -0.0507916288812 -0.662026430194 0.367882687016
2.060067 -1.29668507207 0.022345204892 -2.88079446199 -1.69313431431 -0.0515586214502 -0.660875822131 0.369033533497
2.070057 -1.29630157579 0.0227287011765 -2.88079446199 -1.69428480316 -0.0507916288812 -0.660875822131 0.369033533497
2.080023 -1.29745206464 0.022345204892 -2.88079446199 -1.69351781059 -0.0511753114302 -0.660875822131 0.36826579587
2.090037 -1.29783556093 0.0234956937454 -2.88079446199 -1.69275081802 -0.0515586214502 -0.661643053119 0.367882687016
2.100056 -1.29783556093 0.0231121974609 -2.88117783907 -1.69390130688 -0.0519423039992 -0.661643053119 0.36826579587
2.110061 -1.29745206464 0.0242626863144 -2.88079446199 -1.69390130688 -0.0515586214502 -0.662026430194 0.36826579587
2.120061 -1.29668507207 0.0246461825989 -2.88002770784 -1.69351781059 -0.0511753114302 -0.661643053119 0.36826579587
2.130058 -1.29668507207 0.0242626863144 -2.88079446199 -1.69351781059 -0.0511753114302 -0.660492445056 0.36826579587
2.140088 -1.29783556093 0.0242626863144 -2.88041108492 -1.69390130688 -0.0511753114302 -0.661259199207 0.369417029782
2.150057 -1.29630157579 0.0250296788834 -2.88079446199 -1.69313431431 -0.0519423039992 -0.660875822131 0.369417029782
2.160059 -1.29668507207 0.0250296788834 -2.88117783907 -1.69428480316 -0.0511753114302 -0.661643053119 0.369033533497
2.170058 -1.29706856836 0.0254131751678 -2.88156169298 -1.69275081802 -0.0519423039992 -0.661643053119 0.369033533497
2.180106 -1.29668507207 0.0246461825989 -2.88117783907 -1.69390130688 -0.0511753114302 -0.662026430194 0.367882687016
2.190094 -1.29706856836 0.0246461825989 -2.88041108492 -1.69466829944 -0.0515586214502 -0.661643053119 0.367499190731
2.200062 -1.2959180795 0.0254131751678 -2.88117783907 -1.69313431431 -0.0515586214502 -0.661643053119 0.367499190731
2.210339 -1.29630157579 0.0246461825989 -2.88194507005 -1.69390130688 -0.0511753114302 -0.661259199207 0.368649292155
2.220092 -1.29783556093 0.0246461825989 -2.88041108492 -1.69313431431 -0.0511753114302 -0.662409807269 0.36826579587
2.230060 -1.29706856836 0.0246461825989 -2.88041108492 -1.69313431431 -0.0511753114302 -0.662026430194 0.368649292155
2.240032 -1.29783556093 0.0250296788834 -2.88041108492 -1.69428480316 -0.0511753114302 -0.660875822131 0.36826579587
2.250060 -1.29668507207 0.0254131751678 -2.88117783907 -1.69390130688 -0.0519423039992 -0.662026430194 0.369033533497
2.260059 -1.29668507207 0.0246461825989 -2.88117783907 -1.69390130688 -0.0515586214502 -0.662026430194 0.367882687016
2.270060 -1.29668507207 0.0246461825989 -2.88041108492 -1.69466829944 -0.0507916288812 -0.662026430194 0.369033533497
2.280188 -1.29706856836 0.0254131751678 -2.88117783907 -1.69313431431 -0.0515586214502 -0.662026430194 0.368649292155
2.290064 -1.29783556093 0.0257966714523 -2.88079446199 -1.69351781059 -0.0500246400375 -0.661643053119 0.36826579587
2.300120 -1.29668507207 0.0246461825989 -2.87926047685 -1.69351781059 -0.0511753114302 -0.661259199207 0.367882687016
2.310061 -1.29745206464 0.0246461825989 -2.88041108492 -1.69313431431 -0.0507916288812 -0.660875822131 0.369033533497
2.320062 -1.29745206464 0.0246461825989 -2.88156169298 -1.69390130688 -0.0523256102938 -0.662026430194 0.36826579587
2.330060 -1.29745206464 0.0246461825989 -2.88156169298 -1.69428480316 -0.0519423039992 -0.660492445056 0.36826579587
2.340325 -1.2959180795 0.0250296788834 -2.88194507005 -1.69313431431 -0.0519423039992 -0.661259199207 0.369417029782
2.350125 -1.29783556093 0.0257966714523 -2.88194507005 -1.69428480316 -0.0519423039992 -0.662026430194 0.369033533497
2.360059 -1.29706856836 0.0250296788834 -2.88156169298 -1.69351781059 -0.0511753114302 -0.662026430194 0.369800526066
2.370059 -1.29630157579 0.0242626863144 -2.88194507005 -1.69390130688 -0.0511753114302 -0.662026430194 0.369033533497
2.380026 -1.29668507207 0.0250296788834 -2.88041108492 -1.69390130688 -0.0515586214502 -0.661259199207 0.367882687016
2.390063 -1.29553458322 0.0250296788834 -2.88194507005 -1.69428480316 -0.0511753114302 -0.660875822131 0.368649292155
2.400056 -1.29783556093 0.0246461825989 -2.88041108492 -1.69351781059 -0.0507916288812 -0.662026430194 0.369033533497
2.410057 -1.29668507207 0.0250296788834 -2.88079446199 -1.69466829944 -0.0519423039992 -0.661643053119 0.369800526066
2.420136 -1.29706856836 0.0242626863144 -2.88117783907 -1.69351781059 -0.0515586214502 -0.662409807269 0.367882687016
2.430078 -1.29706856836 0.0250296788834 -2.88079446199 -1.69351781059 -0.0504083225865 -0.662409807269 0.36826579587
2.440092 -1.29706856836 0.0250296788834 -2.88041108492 -1.69390130688 -0.0519423039992 -0.661259199207 0.36826579587
2.450057 -1.29668507207 0.0254131751678 -2.88156169298 -1.69313431431 -0.0519423039992 -0.661643053119 0.368649292155
2.460058 -1.29668507207 0.0250296788834 -2.88194507005 -1.69351781059 -0.0511753114302 -0.661259199207 0.369417029782
2.470161 -1.29745206464 0.0242626863144 -2.88041108492 -1.69390130688 -0.0515586214502 -0.660875822131 0.367882687016
2.480071 -1.29668507207 0.0242626863144 -2.88156169298 -1.69275081802 -0.0511753114302 -0.662409807269 0.369033533497
2.490218 -1.29745206464 0.0261801677368 -2.88156169298 -1.69428480316 -0.0511753114302 -0.661259199207 0.367499190731
2.500217 -1.29706856836 0.0250296788834 -2.88156169298 -1.69390130688 -0.0515586214502 -0.661259199207 0.369033533497
2.510554 -1.29706856836 0.0250296788834 -2.88156169298 -1.69313431431 -0.0519423039992 -0.662409807269 0.369033533497
2.520071 -1.29706856836 0.0250296788834 -2.88156169298 -1.69313431431 -0.0519423039992 -0.662409807269 0.369033533497
2.530070 -1.29706856836 0.0250296788834 -2.88156169298 -1.69313431431 -0.0519423039992 -0.662409807269 0.369033533497
2.540058 -1.29706856836 0.0250296788834 -2.88156169298 -1.69313431431 -0.0519423039992 -0.662409807269 0.369033533497
2.550013 -1.29706856836 0.0250296788834 -2.88232844713 -1.69275081802 -0.0519423039992 -0.661643053119 0.368649292155
2.560060 -1.29706856836 0.0250296788834 -2.88232844713 -1.69275081802 -0.0519423039992 -0.661643053119 0.368649292155
2.570213 -1.29706856836 0.0250296788834 -2.88232844713 -1.69275081802 -0.0519423039992 -0.661643053119 0.368649292155
2.580065 -1.29706856836 0.0250296788834 -2.88232844713 -1.69275081802 -0.0519423039992 -0.661643053119 0.368649292155
2.590068 -1.29745206464 0.0250296788834 -2.88117783907 -1.69390130688 -0.0523256102938 -0.661259199207 0.369033533497
2.600057 -1.29745206464 0.0250296788834 -2.88117783907 -1.69390130688 -0.0523256102938 -0.661259199207 0.369033533497
2.610538 -1.29745206464 0.0250296788834 -2.88117783907 -1.69390130688 -0.0523256102938 -0.661259199207 0.369033533497
2.620131 -1.29745206464 0.0250296788834 -2.88117783907 -1.69390130688 -0.0523256102938 -0.661259199207 0.369033533497
2.630059 -1.29745206464 0.0250296788834 -2.88117783907 -1.69390130688 -0.0523256102938 -0.661259199207 0.369033533497
2.640084 -1.29745206464 0.0246461825989 -2.88079446199 -1.69390130688 -0.0519423039992 -0.662026430194 0.367499190731
2.650063 -1.29745206464 0.0246461825989 -2.88079446199 -1.69390130688 -0.0519423039992 -0.662026430194 0.367499190731
2.660070 -1.29745206464 0.0246461825989 -2.88079446199 -1.69390130688 -0.0519423039992 -0.662026430194 0.367499190731
2.670058 -1.29745206464 0.0246461825989 -2.88079446199 -1.69390130688 -0.0519423039992 -0.662026430194 0.367499190731
2.680061 -1.29706856836 0.0254131751678 -2.88117783907 -1.69313431431 -0.0538595917065 -0.660875822131 0.369033533497
2.690074 -1.29706856836 0.0254131751678 -2.88117783907 -1.69313431431 -0.0538595917065 -0.660875822131 0.369033533497
2.700063 -1.29706856836 0.0254131751678 -2.88117783907 -1.69313431431 -0.0538595917065 -0.660875822131 0.369033533497
2.710061 -1.29706856836 0.0254131751678 -2.88117783907 -1.69313431431 -0.0538595917065 -0.660875822131 0.369033533497
2.720055 -1.29745206464 0.0246461825989 -2.88462966325 -1.69313431431 -0.0515586214502 -0.660492445056 0.369033533497
2.730132 -1.29668507207 0.0250296788834 -2.88501304033 -1.69351781059 -0.0538595917065 -0.661259199207 0.368649292155
2.740063 -1.29745206464 0.0238791900299 -2.88386243227 -1.69236732174 -0.0538595917065 -0.660492445056 0.369033533497
2.750058 -1.29745206464 0.0238791900299 -2.88386243227 -1.69236732174 -0.0538595917065 -0.660492445056 0.369033533497
2.760058 -1.29745206464 0.0238791900299 -2.88386243227 -1.69236732174 -0.0538595917065 -0.660492445056 0.369033533497
2.770059 -1.29745206464 0.0238791900299 -2.88386243227 -1.69236732174 -0.0538595917065 -0.660492445056 0.369033533497
2.780058 -1.29706856836 0.0242626863144 -2.88501304033 -1.69351781059 -0.0538595917065 -0.660492445056 0.368649292155
2.790070 -1.29706856836 0.0242626863144 -2.88501304033 -1.69351781059 -0.0538595917065 -0.660492445056 0.368649292155
2.800076 -1.29706856836 0.0242626863144 -2.88501304033 -1.69351781059 -0.0538595917065 -0.660492445056 0.368649292155
2.810075 -1.29706856836 0.0242626863144 -2.88501304033 -1.69351781059 -0.0538595917065 -0.660492445056 0.368649292155
2.820054 -1.29745206464 0.0242626863144 -2.8853964174 -1.69275081802 -0.0523256102938 -0.660109067981 0.368649292155
2.830082 -1.29745206464 0.0242626863144 -2.8853964174 -1.69275081802 -0.0523256102938 -0.660109067981 0.368649292155
2.840061 -1.29745206464 0.0242626863144 -2.8853964174 -1.69275081802 -0.0523256102938 -0.660109067981 0.368649292155
2.850057 -1.29745206464 0.0242626863144 -2.8853964174 -1.69275081802 -0.0523256102938 -0.660109067981 0.368649292155
2.860063 -1.29745206464 0.0242626863144 -2.8853964174 -1.69275081802 -0.0523256102938 -0.660109067981 0.368649292155
2.870058 -1.29745206464 0.0246461825989 -2.88577979448 -1.69351781059 -0.0527092928428 -0.660492445056 0.36826579587
2.880163 -1.29745206464 0.0246461825989 -2.88577979448 -1.69351781059 -0.0527092928428 -0.660492445056 0.36826579587
2.890070 -1.29745206464 0.0246461825989 -2.88577979448 -1.69351781059 -0.0527092928428 -0.660492445056 0.36826579587
2.900066 -1.29745206464 0.0246461825989 -2.88577979448 -1.69351781059 -0.0527092928428 -0.660492445056 0.36826579587
2.910062 -1.29745206464 0.0246461825989 -2.88577979448 -1.69351781059 -0.0527092928428 -0.660492445056 0.36826579587
2.920274 -1.29668507207 0.0246461825989 -2.8853964174 -1.69313431431 -0.0538595917065 -0.660875822131 0.368649292155
2.930182 -1.29668507207 0.0246461825989 -2.88501304033 -1.69236732174 -0.0538595917065 -0.660492445056 0.368649292155
2.940058 -1.29668507207 0.0246461825989 -2.88501304033 -1.69236732174 -0.0538595917065 -0.660492445056 0.368649292155
2.950093 -1.29668507207 0.0246461825989 -2.88501304033 -1.69236732174 -0.0538595917065 -0.660492445056 0.368649292155
2.960059 -1.29668507207 0.0246461825989 -2.88501304033 -1.69236732174 -0.0538595917065 -0.660492445056 0.368649292155
2.970058 -1.2959180795 0.0250296788834 -2.8853964174 -1.69351781059 -0.0542432742555 -0.659341836993 0.368649292155
2.980056 -1.2959180795 0.0250296788834 -2.8853964174 -1.69351781059 -0.0542432742555 -0.659341836993 0.368649292155
2.990064 -1.2959180795 0.0250296788834 -2.8853964174 -1.69351781059 -0.0542432742555 -0.659341836993 0.368649292155
3.000061 -1.2959180795 0.0250296788834 -2.8853964174 -1.69351781059 -0.0542432742555 -0.659341836993 0.368649292155
3.010059 -1.29668507207 0.0250296788834 -2.88386243227 -1.69198382545 -0.0538595917065 -0.660492445056 0.369417029782
3.020059 -1.29668507207 0.0250296788834 -2.88386243227 -1.69198382545 -0.0538595917065 -0.660492445056 0.369417029782
3.030064 -1.29668507207 0.0250296788834 -2.88386243227 -1.69198382545 -0.0538595917065 -0.660492445056 0.369417029782
3.040083 -1.29668507207 0.0250296788834 -2.88386243227 -1.69198382545 -0.0538595917065 -0.660492445056 0.369417029782
3.050058 -1.29668507207 0.0250296788834 -2.88386243227 -1.69198382545 -0.0538595917065 -0.660492445056 0.369417029782
3.060057 -1.29668507207 0.0273306565903 -2.88501304033 -1.69236732174 -0.0538595917065 -0.659341836993 0.367882687016
3.070057 -1.29668507207 0.0273306565903 -2.88501304033 -1.69236732174 -0.0538595917065 -0.659341836993 0.367882687016
3.080174 -1.29668507207 0.0273306565903 -2.88501304033 -1.69236732174 -0.0538595917065 -0.659341836993 0.367882687016
3.090064 -1.29668507207 0.0273306565903 -2.88501304033 -1.69236732174 -0.0538595917065 -0.659341836993 0.367882687016
3.100059 -1.29783556093 0.0273306565903 -2.8853964174 -1.69160032917 -0.0530926028628 -0.659725214069 0.369800526066
3.110060 -1.29783556093 0.0273306565903 -2.8853964174 -1.69160032917 -0.0530926028628 -0.659725214069 0.369800526066
3.120059 -1.29783556093 0.0273306565903 -2.8853964174 -1.69160032917 -0.0530926028628 -0.659725214069 0.369800526066
3.130059 -1.29783556093 0.0273306565903 -2.8853964174 -1.69160032917 -0.0530926028628 -0.659725214069 0.369800526066
3.140059 -1.29783556093 0.0288646417282 -2.88462966325 -1.69198382545 -0.0546265842755 -0.660109067981 0.367882687016
3.150058 -1.29668507207 0.0296316342972 -2.88501304033 -1.69198382545 -0.0550102668245 -0.659725214069 0.36826579587
3.160092 -1.29745206464 0.0288646417282 -2.88501304033 -1.69160032917 -0.0538595917065 -0.660109067981 0.368649292155
3.170063 -1.29745206464 0.0288646417282 -2.88501304033 -1.69160032917 -0.0538595917065 -0.660109067981 0.368649292155
3.180063 -1.29745206464 0.0288646417282 -2.88501304033 -1.69160032917 -0.0538595917065 -0.660109067981 0.368649292155
3.190165 -1.29745206464 0.0288646417282 -2.88501304033 -1.69160032917 -0.0538595917065 -0.660109067981 0.368649292155
3.200060 -1.29668507207 0.0284811454437 -2.88501304033 -1.69236732174 -0.0542432742555 -0.660875822131 0.367499190731
3.210058 -1.29668507207 0.0284811454437 -2.88501304033 -1.69236732174 -0.0542432742555 -0.660875822131 0.367499190731
3.220217 -1.29668507207 0.0284811454437 -2.88501304033 -1.69236732174 -0.0542432742555 -0.660875822131 0.367499190731
3.230059 -1.29668507207 0.0284811454437 -2.88501304033 -1.69236732174 -0.0542432742555 -0.660875822131 0.367499190731
3.240219 -1.29706856836 0.0292481380127 -2.88424580934 -1.69275081802 -0.0538595917065 -0.660875822131 0.36826579587
3.250058 -1.29706856836 0.0292481380127 -2.88424580934 -1.69275081802 -0.0538595917065 -0.660875822131 0.36826579587
3.260071 -1.29706856836 0.0292481380127 -2.88424580934 -1.69275081802 -0.0538595917065 -0.660875822131 0.36826579587
3.270064 -1.29706856836 0.0292481380127 -2.88424580934 -1.69275081802 -0.0538595917065 -0.660875822131 0.36826579587
3.280063 -1.29706856836 0.0292481380127 -2.88424580934 -1.69275081802 -0.0538595917065 -0.660875822131 0.36826579587
3.290064 -1.2986025535 0.0288646417282 -2.88501304033 -1.69313431431 -0.0523256102938 -0.660109067981 0.36826579587
3.300069 -1.2986025535 0.0288646417282 -2.88501304033 -1.69313431431 -0.0523256102938 -0.660109067981 0.36826579587
3.310148 -1.2986025535 0.0288646417282 -2.88501304033 -1.69313431431 -0.0523256102938 -0.660109067981 0.36826579587
3.320179 -1.2986025535 0.0288646417282 -2.88501304033 -1.69313431431 -0.0523256102938 -0.660109067981 0.36826579587
3.330062 -1.2986025535 0.0288646417282 -2.88501304033 -1.69313431431 -0.0523256102938 -0.660109067981 0.36826579587
3.340055 -1.29745206464 0.0292481380127 -2.88347905519 -1.69198382545 -0.0523256102938 -0.660875822131 0.368649292155
3.350057 -1.29706856836 0.0288646417282 -2.88462966325 -1.69160032917 -0.0523256102938 -0.658958459918 0.367882687016
3.360058 -1.29706856836 0.0288646417282 -2.88462966325 -1.69160032917 -0.0523256102938 -0.658958459918 0.367882687016
3.370093 -1.29706856836 0.0288646417282 -2.88462966325 -1.69160032917 -0.0523256102938 -0.658958459918 0.367882687016
3.380055 -1.29706856836 0.0288646417282 -2.88462966325 -1.69160032917 -0.0523256102938 -0.658958459918 0.367882687016
3.390062 -1.29783556093 0.0292481380127 -2.88347905519 -1.69275081802 -0.0534762854118 -0.660492445056 0.367882687016
3.400058 -1.29783556093 0.0292481380127 -2.88347905519 -1.69275081802 -0.0534762854118 -0.660492445056 0.367882687016
3.410643 -1.29783556093 0.0292481380127 -2.88347905519 -1.69275081802 -0.0534762854118 -0.660492445056 0.367882687016
3.420061 -1.29783556093 0.0292481380127 -2.88347905519 -1.69275081802 -0.0534762854118 -0.660492445056 0.367882687016
3.430057 -1.29783556093 0.0292481380127 -2.88347905519 -1.69275081802 -0.0534762854118 -0.660492445056 0.367882687016
3.440082 -1.29668507207 0.0303986268661 -2.88386243227 -1.69275081802 -0.0523256102938 -0.659341836993 0.368649292155
3.450156 -1.29668507207 0.0303986268661 -2.88386243227 -1.69275081802 -0.0523256102938 -0.659341836993 0.368649292155
3.460063 -1.29668507207 0.0303986268661 -2.88386243227 -1.69275081802 -0.0523256102938 -0.659341836993 0.368649292155
3.470093 -1.29668507207 0.0303986268661 -2.88386243227 -1.69275081802 -0.0523256102938 -0.659341836993 0.368649292155
3.480055 -1.29745206464 0.0296316342972 -2.8827118242 -1.69160032917 -0.0530926028628 -0.659725214069 0.369417029782
3.490117 -1.29745206464 0.0296316342972 -2.8827118242 -1.69160032917 -0.0530926028628 -0.659725214069 0.369417029782
3.500062 -1.29745206464 0.0296316342972 -2.8827118242 -1.69160032917 -0.0530926028628 -0.659725214069 0.369417029782
3.510061 -1.29745206464 0.0296316342972 -2.8827118242 -1.69160032917 -0.0530926028628 -0.659725214069 0.369417029782
3.520058 -1.29745206464 0.0296316342972 -2.8827118242 -1.69160032917 -0.0530926028628 -0.659725214069 0.369417029782
3.530057 -1.29745206464 0.0284811454437 -2.88424580934 -1.69236732174 -0.0538595917065 -0.659725214069 0.368649292155
3.540061 -1.29745206464 0.0284811454437 -2.88424580934 -1.69236732174 -0.0538595917065 -0.659725214069 0.368649292155
3.550058 -1.29745206464 0.0284811454437 -2.88424580934 -1.69236732174 -0.0538595917065 -0.659725214069 0.368649292155
3.560060 -1.29745206464 0.0284811454437 -2.88424580934 -1.69236732174 -0.0538595917065 -0.659725214069 0.368649292155
3.570049 -1.29745206464 0.0288646417282 -2.88424580934 -1.69236732174 -0.0527092928428 -0.660492445056 0.369417029782
3.580061 -1.2959180795 0.0307821231506 -2.88386243227 -1.69275081802 -0.0523256102938 -0.659725214069 0.369033533497
3.590062 -1.29630157579 0.0292481380127 -2.88424580934 -1.69275081802 -0.0519423039992 -0.660109067981 0.368649292155
3.600075 -1.29630157579 0.0292481380127 -2.88424580934 -1.69275081802 -0.0519423039992 -0.660109067981 0.368649292155
3.610062 -1.29630157579 0.0292481380127 -2.88424580934 -1.69275081802 -0.0519423039992 -0.660109067981 0.368649292155
3.620030 -1.29630157579 0.0292481380127 -2.88424580934 -1.69275081802 -0.0519423039992 -0.660109067981 0.368649292155
3.630073 -1.29745206464 0.0292481380127 -2.88386243227 -1.69275081802 -0.0523256102938 -0.660875822131 0.368649292155
3.640064 -1.29745206464 0.0292481380127 -2.88386243227 -1.69275081802 -0.0523256102938 -0.660875822131 0.368649292155
3.650059 -1.29745206464 0.0292481380127 -2.88386243227 -1.69275081802 -0.0523256102938 -0.660875822131 0.368649292155
3.660243 -1.29745206464 0.0292481380127 -2.88386243227 -1.69275081802 -0.0523256102938 -0.660875822131 0.368649292155
3.670061 -1.29745206464 0.0292481380127 -2.88386243227 -1.69275081802 -0.0523256102938 -0.660875822131 0.368649292155
3.680074 -1.29745206464 0.0292481380127 -2.88424580934 -1.69275081802 -0.0530926028628 -0.660875822131 0.367882687016
3.690058 -1.29745206464 0.0292481380127 -2.88424580934 -1.69275081802 -0.0530926028628 -0.660875822131 0.367882687016
3.700099 -1.29745206464 0.0292481380127 -2.88424580934 -1.69275081802 -0.0530926028628 -0.660875822131 0.367882687016
3.710029 -1.29745206464 0.0292481380127 -2.88424580934 -1.69275081802 -0.0530926028628 -0.660875822131 0.367882687016
3.720055 -1.29821905721 0.0284811454437 -2.88347905519 -1.69313431431 -0.0530926028628 -0.659725214069 0.36826579587
3.730180 -1.29821905721 0.0284811454437 -2.88347905519 -1.69313431431 -0.0530926028628 -0.659725214069 0.36826579587
3.740063 -1.29821905721 0.0284811454437 -2.88347905519 -1.69313431431 -0.0530926028628 -0.659725214069 0.36826579587
3.750059 -1.29821905721 0.0284811454437 -2.88347905519 -1.69313431431 -0.0530926028628 -0.659725214069 0.36826579587
3.760254 -1.29821905721 0.0284811454437 -2.88347905519 -1.69313431431 -0.0530926028628 -0.659725214069 0.36826579587
3.770058 -1.29821905721 0.0288646417282 -2.88347905519 -1.69275081802 -0.0523256102938 -0.660492445056 0.36826579587
3.780225 -1.29821905721 0.0288646417282 -2.88347905519 -1.69275081802 -0.0523256102938 -0.660492445056 0.36826579587
3.790061 -1.29821905721 0.0288646417282 -2.88347905519 -1.69275081802 -0.0523256102938 -0.660492445056 0.36826579587
3.800080 -1.29821905721 0.0288646417282 -2.88347905519 -1.69275081802 -0.0523256102938 -0.660492445056 0.36826579587
3.810064 -1.29821905721 0.0288646417282 -2.88347905519 -1.69275081802 -0.0523256102938 -0.660492445056 0.36826579587
3.820061 -1.29783556093 0.0288646417282 -2.88501304033 -1.69390130688 -0.0519423039992 -0.658958459918 0.367499190731
3.830165 -1.29821905721 0.0284811454437 -2.88386243227 -1.69313431431 -0.0519423039992 -0.660875822131 0.367499190731
3.840109 -1.29821905721 0.0284811454437 -2.88386243227 -1.69313431431 -0.0519423039992 -0.660875822131 0.367499190731
3.850025 -1.29821905721 0.0284811454437 -2.88386243227 -1.69313431431 -0.0519423039992 -0.660875822131 0.367499190731
3.860046 -1.29821905721 0.0284811454437 -2.88386243227 -1.69313431431 -0.0519423039992 -0.660875822131 0.367499190731
3.870050 -1.29745206464 0.0292481380127 -2.88424580934 -1.69236732174 -0.0523256102938 -0.660109067981 0.368649292155
3.880055 -1.29745206464 0.0292481380127 -2.88424580934 -1.69236732174 -0.0523256102938 -0.660109067981 0.368649292155
3.890061 -1.29745206464 0.0292481380127 -2.88424580934 -1.69236732174 -0.0523256102938 -0.660109067981 0.368649292155
3.900058 -1.29745206464 0.0292481380127 -2.88424580934 -1.69236732174 -0.0523256102938 -0.660109067981 0.368649292155
3.910065 -1.29821905721 0.0292481380127 -2.88347905519 -1.69121683288 -0.0527092928428 -0.660875822131 0.367882687016
3.920195 -1.29821905721 0.0292481380127 -2.88347905519 -1.69121683288 -0.0527092928428 -0.660875822131 0.367882687016
3.930060 -1.29821905721 0.0292481380127 -2.88347905519 -1.69121683288 -0.0527092928428 -0.660875822131 0.367882687016
3.940057 -1.29821905721 0.0292481380127 -2.88347905519 -1.69121683288 -0.0527092928428 -0.660875822131 0.367882687016
3.950057 -1.29821905721 0.0292481380127 -2.88347905519 -1.69121683288 -0.0527092928428 -0.660875822131 0.367882687016
3.960064 -1.29668507207 0.0284811454437 -2.88424580934 -1.69236732174 -0.0523256102938 -0.659725214069 0.36826579587
3.970056 -1.29668507207 0.0284811454437 -2.88424580934 -1.69236732174 -0.0523256102938 -0.659725214069 0.36826579587
3.980106 -1.29668507207 0.0284811454437 -2.88424580934 -1.69236732174 -0.0523256102938 -0.659725214069 0.36826579587
3.990097 -1.29668507207 0.0284811454437 -2.88424580934 -1.69236732174 -0.0523256102938 -0.659725214069 0.36826579587
4.000056 -1.29745206464 0.0280976491592 -2.88347905519 -1.69313431431 -0.0527092928428 -0.660109067981 0.36826579587
4.010389 -1.29706856836 0.0288646417282 -2.88462966325 -1.69313431431 -0.0523256102938 -0.660492445056 0.369033533497
4.020215 -1.29706856836 0.0284811454437 -2.88424580934 -1.69160032917 -0.0519423039992 -0.660109067981 0.369417029782
4.030073 -1.29706856836 0.0284811454437 -2.88424580934 -1.69160032917 -0.0519423039992 -0.660109067981 0.369417029782
4.040061 -1.29706856836 0.0284811454437 -2.88424580934 -1.69160032917 -0.0519423039992 -0.660109067981 0.369417029782
4.050059 -1.29706856836 0.0284811454437 -2.88424580934 -1.69160032917 -0.0519423039992 -0.660109067981 0.369417029782
4.060059 -1.29745206464 0.0288646417282 -2.88424580934 -1.69236732174 -0.0519423039992 -0.660492445056 0.36826579587
4.070059 -1.29745206464 0.0288646417282 -2.88424580934 -1.69236732174 -0.0519423039992 -0.660492445056 0.36826579587
4.080069 -1.29745206464 0.0288646417282 -2.88424580934 -1.69236732174 -0.0519423039992 -0.660492445056 0.36826579587
4.090116 -1.29745206464 0.0288646417282 -2.88424580934 -1.69236732174 -0.0519423039992 -0.660492445056 0.36826579587
4.100060 -1.29783556093 0.0284811454437 -2.88424580934 -1.69236732174 -0.0527092928428 -0.660492445056 0.367882687016
4.110097 -1.29783556093 0.0284811454437 -2.88424580934 -1.69236732174 -0.0527092928428 -0.660492445056 0.367882687016
4.120059 -1.29783556093 0.0284811454437 -2.88424580934 -1.69236732174 -0.0527092928428 -0.660492445056 0.367882687016
4.130089 -1.29783556093 0.0284811454437 -2.88424580934 -1.69236732174 -0.0527092928428 -0.660492445056 0.367882687016
4.140069 -1.29783556093 0.0284811454437 -2.88424580934 -1.69236732174 -0.0527092928428 -0.660492445056 0.367882687016
4.150057 -1.29668507207 0.0288646417282 -2.88232844713 -1.69236732174 -0.0519423039992 -0.659725214069 0.36826579587
4.160081 -1.29668507207 0.0288646417282 -2.88232844713 -1.69236732174 -0.0519423039992 -0.659725214069 0.36826579587
4.170063 -1.29668507207 0.0288646417282 -2.88232844713 -1.69236732174 -0.0519423039992 -0.659725214069 0.36826579587
4.180062 -1.29668507207 0.0288646417282 -2.88232844713 -1.69236732174 -0.0519423039992 -0.659725214069 0.36826579587
4.190144 -1.29745206464 0.0277141528748 -2.88347905519 -1.69160032917 -0.0523256102938 -0.660492445056 0.36826579587
4.200086 -1.29706856836 0.0273306565903 -2.88347905519 -1.69236732174 -0.0523256102938 -0.660109067981 0.369033533497
4.210481 -1.29706856836 0.0280976491592 -2.88424580934 -1.69313431431 -0.0523256102938 -0.659341836993 0.36826579587
4.220075 -1.29706856836 0.0280976491592 -2.88424580934 -1.69313431431 -0.0523256102938 -0.659341836993 0.36826579587
4.230060 -1.29706856836 0.0280976491592 -2.88424580934 -1.69313431431 -0.0523256102938 -0.659341836993 0.36826579587
4.240061 -1.29706856836 0.0280976491592 -2.88424580934 -1.69313431431 -0.0523256102938 -0.659341836993 0.36826579587
4.250024 -1.29783556093 0.0284811454437 -2.88386243227 -1.69236732174 -0.0515586214502 -0.660492445056 0.367499190731
4.260087 -1.29783556093 0.0284811454437 -2.88386243227 -1.69236732174 -0.0515586214502 -0.660492445056 0.367499190731
4.270072 -1.29783556093 0.0284811454437 -2.88386243227 -1.69236732174 -0.0515586214502 -0.660492445056 0.367499190731
4.280226 -1.29783556093 0.0284811454437 -2.88386243227 -1.69236732174 -0.0515586214502 -0.660492445056 0.367499190731
4.290062 -1.29783556093 0.0284811454437 -2.88386243227 -1.69236732174 -0.0515586214502 -0.660492445056 0.367499190731
4.300065 -1.29668507207 0.0280976491592 -2.88462966325 -1.69236732174 -0.0519423039992 -0.659725214069 0.368649292155
4.310470 -1.29668507207 0.0280976491592 -2.88462966325 -1.69236732174 -0.0519423039992 -0.659725214069 0.368649292155
4.320159 -1.29668507207 0.0280976491592 -2.88462966325 -1.69236732174 -0.0519423039992 -0.659725214069 0.368649292155
4.330065 -1.29668507207 0.0280976491592 -2.88462966325 -1.69236732174 -0.0519423039992 -0.659725214069 0.368649292155
4.340061 -1.29821905721 0.0280976491592 -2.88462966325 -1.69275081802 -0.0519423039992 -0.660492445056 0.369033533497
4.350074 -1.29821905721 0.0280976491592 -2.88462966325 -1.69275081802 -0.0519423039992 -0.660492445056 0.369033533497
4.360079 -1.29821905721 0.0280976491592 -2.88462966325 -1.69275081802 -0.0519423039992 -0.660492445056 0.369033533497
4.370063 -1.29821905721 0.0280976491592 -2.88462966325 -1.69275081802 -0.0519423039992 -0.660492445056 0.369033533497
4.380110 -1.29821905721 0.0280976491592 -2.88462966325 -1.69275081802 -0.0519423039992 -0.660492445056 0.369033533497
4.390059 -1.29745206464 0.0284811454437 -2.88424580934 -1.69236732174 -0.0523256102938 -0.660109067981 0.369033533497
4.400067 -1.29745206464 0.0284811454437 -2.88424580934 -1.69236732174 -0.0523256102938 -0.660109067981 0.369033533497
4.410060 -1.29745206464 0.0284811454437 -2.88424580934 -1.69236732174 -0.0523256102938 -0.660109067981 0.369033533497
4.420360 -1.29745206464 0.0284811454437 -2.88424580934 -1.69236732174 -0.0523256102938 -0.660109067981 0.369033533497
4.430063 -1.29745206464 0.0280976491592 -2.88347905519 -1.69236732174 -0.0515586214502 -0.660492445056 0.368649292155
4.440056 -1.29783556093 0.0273306565903 -2.8827118242 -1.69236732174 -0.0523256102938 -0.660492445056 0.368649292155
4.450057 -1.29745206464 0.0273306565903 -2.88424580934 -1.69313431431 -0.0523256102938 -0.660875822131 0.369033533497
4.460069 -1.29745206464 0.0273306565903 -2.88424580934 -1.69313431431 -0.0523256102938 -0.660875822131 0.369033533497
4.470081 -1.29745206464 0.0273306565903 -2.88424580934 -1.69313431431 -0.0523256102938 -0.660875822131 0.369033533497
4.480077 -1.29745206464 0.0273306565903 -2.88424580934 -1.69313431431 -0.0523256102938 -0.660875822131 0.369033533497
4.490059 -1.29668507207 0.0288646417282 -2.88309567812 -1.69275081802 -0.0523256102938 -0.660109067981 0.368649292155
4.500062 -1.29668507207 0.0288646417282 -2.88309567812 -1.69275081802 -0.0523256102938 -0.660109067981 0.368649292155
4.510203 -1.29668507207 0.0288646417282 -2.88309567812 -1.69275081802 -0.0523256102938 -0.660109067981 0.368649292155
4.520055 -1.29668507207 0.0288646417282 -2.88309567812 -1.69275081802 -0.0523256102938 -0.660109067981 0.368649292155
4.530060 -1.29668507207 0.0288646417282 -2.88309567812 -1.69275081802 -0.0523256102938 -0.660109067981 0.368649292155
4.540065 -1.29821905721 0.0280976491592 -2.88309567812 -1.69313431431 -0.0527092928428 -0.660109067981 0.367499190731
4.550061 -1.29821905721 0.0280976491592 -2.88309567812 -1.69313431431 -0.0527092928428 -0.660109067981 0.367499190731
4.560068 -1.29821905721 0.0280976491592 -2.88309567812 -1.69313431431 -0.0527092928428 -0.660109067981 0.367499190731
4.570064 -1.29821905721 0.0280976491592 -2.88309567812 -1.69313431431 -0.0527092928428 -0.660109067981 0.367499190731
4.580053 -1.29668507207 0.0277141528748 -2.88386243227 -1.69198382545 -0.0507916288812 -0.660875822131 0.367499190731
4.590069 -1.29668507207 0.0277141528748 -2.88386243227 -1.69198382545 -0.0507916288812 -0.660875822131 0.367499190731
4.600057 -1.29668507207 0.0277141528748 -2.88386243227 -1.69198382545 -0.0507916288812 -0.660875822131 0.367499190731
4.610069 -1.29668507207 0.0277141528748 -2.88386243227 -1.69198382545 -0.0507916288812 -0.660875822131 0.367499190731
4.620179 -1.29783556093 0.0269471603058 -2.88424580934 -1.69236732174 -0.0527092928428 -0.660492445056 0.368649292155
4.630071 -1.29783556093 0.0273306565903 -2.88462966325 -1.69275081802 -0.0534762854118 -0.659725214069 0.36826579587
4.640058 -1.29745206464 0.0273306565903 -2.8827118242 -1.69236732174 -0.0519423039992 -0.659341836993 0.368649292155
4.650061 -1.29745206464 0.0273306565903 -2.8827118242 -1.69236732174 -0.0519423039992 -0.659341836993 0.368649292155
4.660038 -1.29745206464 0.0273306565903 -2.8827118242 -1.69236732174 -0.0519423039992 -0.659341836993 0.368649292155
4.670058 -1.29745206464 0.0273306565903 -2.8827118242 -1.69236732174 -0.0519423039992 -0.659341836993 0.368649292155
4.680052 -1.29783556093 0.0273306565903 -2.88347905519 -1.69313431431 -0.0523256102938 -0.660492445056 0.369033533497
4.690054 -1.29783556093 0.0273306565903 -2.88347905519 -1.69313431431 -0.0523256102938 -0.660492445056 0.369033533497
4.701000 -1.29783556093 0.0273306565903 -2.88347905519 -1.69313431431 -0.0523256102938 -0.660492445056 0.369033533497
4.710061 -1.29783556093 0.0273306565903 -2.88347905519 -1.69313431431 -0.0523256102938 -0.660492445056 0.369033533497
4.720067 -1.29783556093 0.0273306565903 -2.88347905519 -1.69313431431 -0.0523256102938 -0.660492445056 0.369033533497
4.730058 -1.29668507207 0.0269471603058 -2.88386243227 -1.69236732174 -0.0530926028628 -0.660109067981 0.367882687016
4.740072 -1.29668507207 0.0269471603058 -2.88386243227 -1.69236732174 -0.0530926028628 -0.660109067981 0.367882687016
4.750059 -1.29668507207 0.0269471603058 -2.88386243227 -1.69236732174 -0.0530926028628 -0.660109067981 0.367882687016
4.760065 -1.29668507207 0.0269471603058 -2.88386243227 -1.69236732174 -0.0530926028628 -0.660109067981 0.367882687016
4.770060 -1.29668507207 0.0269471603058 -2.88386243227 -1.69236732174 -0.0530926028628 -0.660109067981 0.367882687016
4.780056 -1.29821905721 0.0273306565903 -2.88347905519 -1.69236732174 -0.0530926028628 -0.660875822131 0.36826579587
4.790058 -1.29668507207 0.0284811454437 -2.88424580934 -1.69313431431 -0.0530926028628 -0.660875822131 0.36826579587
4.800058 -1.29668507207 0.0284811454437 -2.88424580934 -1.69313431431 -0.0530926028628 -0.660875822131 0.36826579587
4.810262 -1.29668507207 0.0284811454437 -2.88424580934 -1.69313431431 -0.0530926028628 -0.660875822131 0.36826579587
4.820060 -1.29668507207 0.0284811454437 -2.88424580934 -1.69313431431 -0.0530926028628 -0.660875822131 0.36826579587
4.830504 -1.29783556093 0.0273306565903 -2.88347905519 -1.69236732174 -0.0519423039992 -0.659341836993 0.367882687016
4.840339 -1.29783556093 0.0273306565903 -2.88347905519 -1.69236732174 -0.0519423039992 -0.659341836993 0.367882687016
4.850060 -1.29783556093 0.0273306565903 -2.88347905519 -1.69236732174 -0.0519423039992 -0.659341836993 0.367882687016
4.860283 -1.29783556093 0.0273306565903 -2.88347905519 -1.69236732174 -0.0519423039992 -0.659341836993 0.367882687016
4.870058 -1.29783556093 0.0273306565903 -2.88386243227 -1.69198382545 -0.0530926028628 -0.658575082843 0.367499190731
4.880063 -1.29783556093 0.0273306565903 -2.88386243227 -1.69198382545 -0.0530926028628 -0.658575082843 0.367499190731
4.890081 -1.29783556093 0.0273306565903 -2.88386243227 -1.69198382545 -0.0530926028628 -0.658575082843 0.367499190731
4.900114 -1.29783556093 0.0273306565903 -2.88386243227 -1.69198382545 -0.0530926028628 -0.658575082843 0.367499190731
4.910059 -1.29783556093 0.0273306565903 -2.88386243227 -1.69198382545 -0.0530926028628 -0.658575082843 0.367499190731
4.920086 -1.29783556093 0.0277141528748 -2.88386243227 -1.69313431431 -0.0527092928428 -0.660109067981 0.367882687016
4.930079 -1.29783556093 0.0277141528748 -2.88386243227 -1.69313431431 -0.0527092928428 -0.660109067981 0.367882687016
4.940057 -1.29783556093 0.0277141528748 -2.88386243227 -1.69313431431 -0.0527092928428 -0.660109067981 0.367882687016
4.950058 -1.29783556093 0.0277141528748 -2.88386243227 -1.69313431431 -0.0527092928428 -0.660109067981 0.367882687016
4.960062 -1.29745206464 0.0273306565903 -2.8827118242 -1.69198382545 -0.0527092928428 -0.659725214069 0.367882687016
4.970061 -1.29745206464 0.0273306565903 -2.8827118242 -1.69198382545 -0.0527092928428 -0.659725214069 0.367882687016
4.980054 -1.29745206464 0.0273306565903 -2.8827118242 -1.69198382545 -0.0527092928428 -0.659725214069 0.367882687016
4.990056 -1.29745206464 0.0273306565903 -2.8827118242 -1.69198382545 -0.0527092928428 -0.659725214069 0.367882687016
5.000053 -1.29668507207 0.0269471603058 -2.88424580934 -1.69313431431 -0.0523256102938 -0.659341836993 0.369417029782
5.010223 -1.29668507207 0.0277141528748 -2.88309567812 -1.69236732174 -0.0527092928428 -0.660492445056 0.36826579587
5.020060 -1.29783556093 0.0269471603058 -2.88309567812 -1.69313431431 -0.0519423039992 -0.660875822131 0.368649292155
5.030068 -1.29783556093 0.0269471603058 -2.88309567812 -1.69313431431 -0.0519423039992 -0.660875822131 0.368649292155
5.040076 -1.29783556093 0.0269471603058 -2.88309567812 -1.69313431431 -0.0519423039992 -0.660875822131 0.368649292155
5.050088 -1.29783556093 0.0269471603058 -2.88309567812 -1.69313431431 -0.0519423039992 -0.660875822131 0.368649292155
5.060181 -1.29783556093 0.0277141528748 -2.88424580934 -1.69313431431 -0.0530926028628 -0.660492445056 0.368649292155
5.070060 -1.29783556093 0.0277141528748 -2.88424580934 -1.69313431431 -0.0530926028628 -0.660492445056 0.368649292155
5.080293 -1.29783556093 0.0277141528748 -2.88424580934 -1.69313431431 -0.0530926028628 -0.660492445056 0.368649292155
5.090099 -1.29783556093 0.0277141528748 -2.88424580934 -1.69313431431 -0.0530926028628 -0.660492445056 0.368649292155
5.100071 -1.29783556093 0.0284811454437 -2.88386243227 -1.69236732174 -0.0515586214502 -0.660492445056 0.36826579587
5.110106 -1.29783556093 0.0284811454437 -2.88386243227 -1.69236732174 -0.0515586214502 -0.660492445056 0.36826579587
5.120061 -1.29783556093 0.0284811454437 -2.88386243227 -1.69236732174 -0.0515586214502 -0.660492445056 0.36826579587
5.130049 -1.29783556093 0.0284811454437 -2.88386243227 -1.69236732174 -0.0515586214502 -0.660492445056 0.36826579587
