0.065068 1.60517731706 -0.416938478551 2.71645797496 0.791172502393 0.269659725458 2.0819469834 1.3784506785
0.065126 1.60517731706 -0.416938478551 2.71645797496 0.791172502393 0.269659725458 2.0819469834 1.3784506785
0.075171 1.60632744829 -0.418472463689 2.71569122081 0.792323110455 0.269275871546 2.08156360632 1.37806670538
0.085203 1.60632744829 -0.418472463689 2.71569122081 0.792323110455 0.269275871546 2.08156360632 1.37806670538
0.095210 1.60556069414 -0.416938478551 2.71645797496 0.791939256543 0.270809826881 2.08118022925 1.37806670538
0.105210 1.60594407121 -0.417321855627 2.71684182887 0.790789125317 0.268892375261 2.08079637534 1.3784506785
0.115185 1.60632744829 -0.418088848196 2.71645797496 0.791939256543 0.268892375261 2.0819469834 1.37768368593
0.125212 1.60594407121 -0.41770547112 2.71530784373 0.792323110455 0.269659725458 2.08156360632 1.37768368593
0.135211 1.60594407121 -0.418088848196 2.71645797496 0.791172502393 0.269659725458 2.08118022925 1.3784506785
0.145182 1.60594407121 -0.417321855627 2.71645797496 0.791555879468 0.268508878977 2.08041299826 1.37768368593
0.155209 1.60594407121 -0.417321855627 2.71645797496 0.791555879468 0.268508878977 2.08041299826 1.37768368593
0.165211 1.60632744829 -0.417321855627 2.71569122081 0.791939256543 0.269275871546 2.08156360632 1.37768368593
0.175210 1.60479346315 -0.416938478551 2.71645797496 0.790789125317 0.268508878977 2.08233083731 1.37806670538
0.185209 1.60594407121 -0.416554863058 2.71569122081 0.790405271405 0.269275871546 2.08156360632 1.37653272024
0.195213 1.60632744829 -0.417321855627 2.71684182887 0.791555879468 0.268508878977 2.0819469834 1.37691669336
0.205209 1.60517731706 -0.415787870489 2.7160748363 0.791555879468 0.268508878977 2.0819469834 1.37768368593
0.215206 1.60479346315 -0.416171485982 2.71684182887 0.791555879468 0.268508878977 2.0819469834 1.37768368593
0.225210 1.60479346315 -0.416171485982 2.71684182887 0.791555879468 0.268508878977 2.0819469834 1.37768368593
0.235211 1.60556069414 -0.418472463689 2.71645797496 0.790789125317 0.268508878977 2.0819469834 1.3784506785
0.245219 1.60556069414 -0.418472463689 2.71645797496 0.790789125317 0.268508878977 2.0819469834 1.3784506785
0.255211 1.60556069414 -0.418472463689 2.71645797496 0.790789125317 0.268508878977 2.0819469834 1.3784506785
0.265181 1.60594407121 -0.41770547112 2.7160748363 0.791172502393 0.269659725458 2.08118022925 1.37768368593
0.275210 1.60594407121 -0.416171485982 2.7160748363 0.791172502393 0.268508878977 2.08156360632 1.37806670538
0.285200 1.60632744829 -0.41770547112 2.71569122081 0.791555879468 0.268892375261 2.08156360632 1.37768368593
0.295210 1.60632744829 -0.41770547112 2.71569122081 0.791555879468 0.268892375261 2.08156360632 1.37768368593
0.305209 1.60556069414 -0.416554863058 2.71645797496 0.791172502393 0.268892375261 2.08118022925 1.37768368593
0.315207 1.60556069414 -0.417321855627 2.71645797496 0.791555879468 0.268892375261 2.08156360632 1.3784506785
0.325210 1.60632744829 -0.418088848196 2.71645797496 0.790789125317 0.269275871546 2.08271421439 1.37730018965
0.335269 1.60517731706 -0.416554863058 2.7160748363 0.790789125317 0.268508878977 2.0819469834 1.37883417478
0.345209 1.60556069414 -0.417321855627 2.71645797496 0.791939256543 0.268892375261 2.08041299826 1.37730018965
0.355210 1.60632744829 -0.416171485982 2.71722520595 0.791555879468 0.268892375261 2.0819469834 1.3784506785
0.365211 1.60632744829 -0.416171485982 2.71722520595 0.791555879468 0.268892375261 2.0819469834 1.3784506785
0.375197 1.60594407121 -0.416938478551 2.71569122081 0.790405271405 0.269275871546 2.08118022925 1.3784506785
0.385209 1.60556069414 -0.418088848196 2.7160748363 0.791172502393 0.268508878977 2.0819469834 1.37806670538
0.395205 1.60632744829 -0.417321855627 2.71684182887 0.791172502393 0.269275871546 2.08118022925 1.37806670538
0.405210 1.60556069414 -0.416938478551 2.7160748363 0.791172502393 0.268892375261 2.0819469834 1.37730018965
0.415222 1.60517731706 -0.416938478551 2.71645797496 0.791555879468 0.26812574032 2.08118022925 1.37768368593
0.425209 1.60556069414 -0.416938478551 2.71722520595 0.791555879468 0.268508878977 2.08156360632 1.37883417478
0.435211 1.60556069414 -0.416938478551 2.71722520595 0.791555879468 0.268508878977 2.08156360632 1.37883417478
0.445192 1.60594407121 -0.418088848196 2.71569122081 0.791939256543 0.268892375261 2.08156360632 1.37768368593
0.455210 1.60556069414 -0.417321855627 2.7160748363 0.791172502393 0.268508878977 2.08118022925 1.37768368593
0.465209 1.60632744829 -0.416554863058 2.71760882144 0.791939256543 0.269275871546 2.08079637534 1.37806670538
0.475183 1.60517731706 -0.418855840765 2.71684182887 0.791172502393 0.270042834312 2.0819469834 1.37768368593
0.485209 1.60517731706 -0.417321855627 2.71645797496 0.791939256543 0.269275871546 2.08079637534 1.37768368593
0.495224 1.60517731706 -0.41770547112 2.71684182887 0.791939256543 0.268508878977 2.08079637534 1.37730018965
0.505210 1.60517731706 -0.41770547112 2.71684182887 0.791939256543 0.268508878977 2.08079637534 1.37730018965
0.515210 1.60594407121 -0.41770547112 2.71684182887 0.791555879468 0.269275871546 2.08233083731 1.37730018965
0.525210 1.60517731706 -0.416938478551 2.71722520595 0.791555879468 0.26812574032 2.08118022925 1.37806670538
0.535210 1.60594407121 -0.416938478551 2.7160748363 0.790789125317 0.268508878977 2.08156360632 1.3784506785
0.545206 1.60594407121 -0.417321855627 2.7160748363 0.791555879468 0.269659725458 2.08156360632 1.37768368593
0.555209 1.60632744829 -0.416171485982 2.71530784373 0.791939256543 0.269659725458 2.08079637534 1.37768368593
0.565209 1.60632744829 -0.416171485982 2.71530784373 0.791939256543 0.269659725458 2.08079637534 1.37768368593
0.575206 1.60556069414 -0.416554863058 2.71645797496 0.791939256543 0.268892375261 2.0819469834 1.37768368593
0.585209 1.60517731706 -0.416554863058 2.7160748363 0.792323110455 0.270042834312 2.08309759146 1.37768368593
0.595209 1.60594407121 -0.416171485982 2.71645797496 0.791939256543 0.269275871546 2.0819469834 1.37730018965
0.605209 1.60632744829 -0.416554863058 2.7160748363 0.791939256543 0.268892375261 2.08233083731 1.37806670538
0.615210 1.60594407121 -0.418472463689 2.7160748363 0.791172502393 0.268892375261 2.0819469834 1.37768368593
0.625209 1.60594407121 -0.418472463689 2.7160748363 0.791172502393 0.268892375261 2.0819469834 1.37768368593
0.635210 1.60556069414 -0.416938478551 2.71684182887 0.791555879468 0.268892375261 2.0819469834 1.37806670538
0.645211 1.60632744829 -0.417321855627 2.71645797496 0.791939256543 0.26812574032 2.08156360632 1.37806670538
0.655217 1.60632744829 -0.417321855627 2.71645797496 0.791939256543 0.26812574032 2.08156360632 1.37806670538
0.665207 1.60556069414 -0.41770547112 2.71684182887 0.792706487531 0.269275871546 2.0819469834 1.37806670538
0.675181 1.60556069414 -0.416938478551 2.71645797496 0.790789125317 0.268508878977 2.08041299826 1.37730018965
0.685211 1.60479346315 -0.415404493414 2.7160748363 0.791939256543 0.269275871546 2.08156360632 1.37806670538
0.695221 1.60632744829 -0.416554863058 2.71684182887 0.791555879468 0.269659725458 2.08156360632 1.37806670538
0.705198 1.60632744829 -0.416554863058 2.71684182887 0.791555879468 0.269659725458 2.08156360632 1.37806670538
0.715209 1.6067113022 -0.418088848196 2.71684182887 0.791555879468 0.26812574032 2.08118022925 1.37768368593
0.725210 1.60594407121 -0.416938478551 2.71530784373 0.791172502393 0.269659725458 2.08118022925 1.37768368593
0.735209 1.60556069414 -0.417321855627 2.7160748363 0.791555879468 0.268892375261 2.08118022925 1.37806670538
0.745220 1.60594407121 -0.418088848196 2.71684182887 0.792323110455 0.269275871546 2.08079637534 1.3784506785
0.755212 1.60594407121 -0.415404493414 2.71684182887 0.792323110455 0.269275871546 2.08041299826 1.37730018965
0.765210 1.60594407121 -0.415787870489 2.71722520595 0.791555879468 0.269275871546 2.0819469834 1.3784506785
0.775226 1.60594407121 -0.415787870489 2.71722520595 0.791555879468 0.269275871546 2.0819469834 1.3784506785
0.785211 1.60556069414 -0.416554863058 2.71645797496 0.792323110455 0.269659725458 2.0819469834 1.37691669336
0.795206 1.60594407121 -0.417321855627 2.7160748363 0.791555879468 0.269275871546 2.08118022925 1.37806670538
0.805221 1.60632744829 -0.416171485982 2.71530784373 0.791172502393 0.269275871546 2.08156360632 1.37730018965
0.815197 1.60517731706 -0.415787870489 2.71569122081 0.792323110455 0.268892375261 2.08156360632 1.37768368593
0.825207 1.60556069414 -0.416938478551 2.71530784373 0.791172502393 0.269659725458 2.08079637534 1.37806670538
0.835212 1.60632744829 -0.416938478551 2.71684182887 0.791555879468 0.269275871546 2.08079637534 1.37768368593
0.845210 1.60632744829 -0.416938478551 2.71684182887 0.791555879468 0.269275871546 2.08079637534 1.37768368593
0.855210 1.60556069414 -0.416938478551 2.71722520595 0.791939256543 0.268892375261 2.0819469834 1.3784506785
0.865197 1.60556069414 -0.417321855627 2.71569122081 0.790789125317 0.268892375261 2.08156360632 1.37730018965
0.875209 1.60632744829 -0.416938478551 2.71569122081 0.791172502393 0.268892375261 2.08079637534 1.37730018965
0.885210 1.60594407121 -0.416554863058 2.71645797496 0.792706487531 0.268508878977 2.08156360632 1.37691669336
0.895210 1.60632744829 -0.417321855627 2.71684182887 0.791939256543 0.268508878977 2.08118022925 1.37768368593
0.905229 1.60632744829 -0.416554863058 2.71722520595 0.791939256543 0.268892375261 2.08118022925 1.37730018965
0.915220 1.60632744829 -0.416554863058 2.71722520595 0.791939256543 0.268892375261 2.08118022925 1.37730018965
0.925206 1.60632744829 -0.41770547112 2.7160748363 0.791939256543 0.268508878977 2.0819469834 1.37806670538
0.935204 1.60594407121 -0.416938478551 2.71530784373 0.791555879468 0.268508878977 2.08156360632 1.3784506785
0.945209 1.60556069414 -0.416938478551 2.71645797496 0.791939256543 0.269275871546 2.08156360632 1.37883417478
0.955210 1.60594407121 -0.41770547112 2.71530784373 0.791939256543 0.268892375261 2.08118022925 1.37806670538
0.965209 1.60632744829 -0.41770547112 2.71645797496 0.791939256543 0.269275871546 2.08041299826 1.3784506785
0.975210 1.60632744829 -0.41770547112 2.71645797496 0.791939256543 0.269275871546 2.08041299826 1.3784506785
0.985209 1.60632744829 -0.418088848196 2.71569122081 0.792323110455 0.270042834312 2.0819469834 1.37730018965
0.995209 1.60594407121 -0.418088848196 2.71569122081 0.792323110455 0.270042834312 2.08118022925 1.37883417478
1.005197 1.60479346315 -0.416938478551 2.71645797496 0.791939256543 0.26812574032 2.08156360632 1.37768368593
1.015209 1.60517731706 -0.417321855627 2.7160748363 0.792323110455 0.269659725458 2.08118022925 1.37768368593
1.025176 1.60556069414 -0.418088848196 2.71722520595 0.791172502393 0.268508878977 2.08041299826 1.37691669336
1.035191 1.60556069414 -0.41770547112 2.7160748363 0.792323110455 0.269275871546 2.08118022925 1.37691669336
1.045206 1.60556069414 -0.41770547112 2.7160748363 0.792323110455 0.269275871546 2.08118022925 1.37691669336
1.055205 1.60632744829 -0.416171485982 2.7160748363 0.791939256543 0.269275871546 2.08156360632 1.37883417478
1.065204 1.60594407121 -0.41770547112 2.71569122081 0.791172502393 0.269275871546 2.08079637534 1.37730018965
1.075206 1.6067113022 -0.418088848196 2.71645797496 0.790789125317 0.269275871546 2.08156360632 1.37768368593
1.085181 1.6067113022 -0.417321855627 2.71722520595 0.791555879468 0.26812574032 2.08156360632 1.37768368593
1.095177 1.60556069414 -0.41770547112 2.71684182887 0.792323110455 0.269275871546 2.08118022925 1.37806670538
1.105178 1.60709467927 -0.41770547112 2.71645797496 0.791939256543 0.269275871546 2.08041299826 1.3784506785
1.115210 1.60709467927 -0.41770547112 2.71645797496 0.791939256543 0.269275871546 2.08041299826 1.3784506785
1.125206 1.60556069414 -0.418472463689 2.71569122081 0.791555879468 0.26812574032 2.08156360632 1.37730018965
1.135182 1.60632744829 -0.41770547112 2.71684182887 0.791172502393 0.269275871546 2.08041299826 1.37768368593
1.145210 1.60479346315 -0.416938478551 2.7160748363 0.792323110455 0.269659725458 2.08156360632 1.3784506785
1.155209 1.60479346315 -0.417321855627 2.71569122081 0.792323110455 0.268892375261 2.08118022925 1.37806670538
1.165179 1.60556069414 -0.416554863058 2.71569122081 0.792706487531 0.267741886408 2.08118022925 1.37806670538
1.175208 1.60556069414 -0.416554863058 2.71569122081 0.792706487531 0.267741886408 2.08118022925 1.37806670538
1.185211 1.60594407121 -0.418472463689 2.7160748363 0.791555879468 0.269659725458 2.08041299826 1.3784506785
1.195210 1.60556069414 -0.416938478551 2.7160748363 0.791555879468 0.268892375261 2.0819469834 1.37883417478
1.205206 1.60632744829 -0.418472463689 2.71645797496 0.791555879468 0.268508878977 2.0819469834 1.37730018965
1.215209 1.60594407121 -0.417321855627 2.7160748363 0.791555879468 0.269275871546 2.08156360632 1.3784506785
1.225178 1.60556069414 -0.416171485982 2.7160748363 0.791172502393 0.270042834312 2.08156360632 1.37768368593
1.235177 1.60479346315 -0.41770547112 2.71645797496 0.791172502393 0.268892375261 2.0819469834 1.3784506785
1.245180 1.60479346315 -0.41770547112 2.71645797496 0.791172502393 0.268892375261 2.0819469834 1.3784506785
1.255209 1.60594407121 -0.416938478551 2.71684182887 0.791939256543 0.269275871546 2.0819469834 1.37883417478
1.265210 1.6067113022 -0.418088848196 2.71530784373 0.790789125317 0.268508878977 2.08156360632 1.37768368593
1.275206 1.60632744829 -0.41770547112 2.71645797496 0.791939256543 0.269275871546 2.08156360632 1.37806670538
1.285211 1.60517731706 -0.416938478551 2.71645797496 0.792323110455 0.268508878977 2.08118022925 1.37806670538
1.295175 1.60556069414 -0.416171485982 2.71569122081 0.791555879468 0.269275871546 2.08118022925 1.37691669336
1.305177 1.60632744829 -0.415404493414 2.7160748363 0.790789125317 0.269275871546 2.08156360632 1.37883417478
1.315209 1.60632744829 -0.415404493414 2.7160748363 0.790789125317 0.269275871546 2.08156360632 1.37883417478
1.325210 1.60632744829 -0.416938478551 2.7160748363 0.791555879468 0.26812574032 2.08002962119 1.37806670538
1.335208 1.60556069414 -0.416554863058 2.71645797496 0.791939256543 0.269659725458 2.0819469834 1.37768368593
1.345209 1.60594407121 -0.41770547112 2.71492398982 0.791555879468 0.269275871546 2.08233083731 1.37730018965
1.355178 1.60594407121 -0.416938478551 2.71645797496 0.790789125317 0.269659725458 2.08233083731 1.3784506785
1.365178 1.60556069414 -0.418472463689 2.71645797496 0.791172502393 0.269275871546 2.08041299826 1.37730018965
1.375221 1.60556069414 -0.41770547112 2.71645797496 0.791555879468 0.269275871546 2.08156360632 1.37730018965
1.385205 1.60556069414 -0.41770547112 2.71645797496 0.791555879468 0.269275871546 2.08156360632 1.37730018965
1.395209 1.60556069414 -0.41770547112 2.71645797496 0.791555879468 0.269275871546 2.08156360632 1.37730018965
1.405209 1.60556069414 -0.41770547112 2.71645797496 0.791555879468 0.269275871546 2.08156360632 1.37730018965
1.415195 1.60632744829 -0.416938478551 2.71760882144 0.791555879468 0.268892375261 2.08156360632 1.37730018965
1.425209 1.60632744829 -0.416554863058 2.71684182887 0.791172502393 0.267741886408 2.08156360632 1.37806670538
1.435181 1.60632744829 -0.416554863058 2.71684182887 0.791172502393 0.267741886408 2.08156360632 1.37806670538
1.445210 1.60632744829 -0.416554863058 2.71684182887 0.791172502393 0.267741886408 2.08156360632 1.37806670538
1.455210 1.60632744829 -0.416554863058 2.71684182887 0.791172502393 0.267741886408 2.08156360632 1.37806670538
1.465201 1.60632744829 -0.416554863058 2.71684182887 0.791939256543 0.268892375261 2.08079637534 1.37768368593
1.475209 1.60632744829 -0.418472463689 2.71684182887 0.791555879468 0.268892375261 2.08156360632 1.37768368593
1.485207 1.6067113022 -0.41770547112 2.71645797496 0.792323110455 0.269659725458 2.08079637534 1.37806670538
1.495210 1.6067113022 -0.41770547112 2.71645797496 0.792323110455 0.269659725458 2.08079637534 1.37806670538
1.505203 1.60594407121 -0.416938478551 2.71722520595 0.791939256543 0.268508878977 2.08156360632 1.37806670538
1.515210 1.6067113022 -0.416554863058 2.71722520595 0.791939256543 0.269275871546 2.08118022925 1.37691669336
1.525210 1.60594407121 -0.41770547112 2.71684182887 0.791172502393 0.269659725458 2.08079637534 1.37730018965
1.535197 1.60594407121 -0.417321855627 2.71645797496 0.791939256543 0.268508878977 2.08156360632 1.37806670538
1.545212 1.60594407121 -0.417321855627 2.71645797496 0.791939256543 0.268508878977 2.08156360632 1.37806670538
1.555205 1.60594407121 -0.417321855627 2.71645797496 0.791939256543 0.268508878977 2.08156360632 1.37806670538
1.565198 1.60632744829 -0.416171485982 2.71684182887 0.791939256543 0.268892375261 2.08156360632 1.37806670538
1.575209 1.60594407121 -0.416938478551 2.71645797496 0.791172502393 0.268892375261 2.08118022925 1.37691669336
1.585209 1.60594407121 -0.416554863058 2.71645797496 0.792706487531 0.269659725458 2.08041299826 1.37730018965
1.595209 1.60594407121 -0.416554863058 2.71645797496 0.792706487531 0.269659725458 2.08041299826 1.37730018965
1.605209 1.60594407121 -0.416554863058 2.71645797496 0.792706487531 0.269659725458 2.08041299826 1.37730018965
1.615210 1.60556069414 -0.418472463689 2.7160748363 0.791555879468 0.270042834312 2.08156360632 1.37730018965
1.625211 1.60479346315 -0.417321855627 2.71684182887 0.792323110455 0.26812574032 2.08118022925 1.37806670538
1.635210 1.60594407121 -0.41770547112 2.71645797496 0.791939256543 0.268892375261 2.08079637534 1.37768368593
1.645211 1.60594407121 -0.41770547112 2.71645797496 0.791939256543 0.268892375261 2.08079637534 1.37768368593
1.655213 1.60594407121 -0.41770547112 2.71645797496 0.791939256543 0.268892375261 2.08079637534 1.37768368593
1.665198 1.60632744829 -0.41770547112 2.7160748363 0.793089864606 0.26812574032 2.08002962119 1.3784506785
1.675211 1.60479346315 -0.416171485982 2.71569122081 0.794623849744 0.268508878977 2.08041299826 1.37730018965
1.685209 1.60594407121 -0.416554863058 2.71684182887 0.795390603894 0.268892375261 2.0792623902 1.37691669336
1.695197 1.60594407121 -0.416554863058 2.71684182887 0.795390603894 0.268892375261 2.0792623902 1.37691669336
1.705194 1.60517731706 -0.416938478551 2.71569122081 0.796924589032 0.268892375261 2.07811225897 1.37768368593
1.715209 1.60479346315 -0.416171485982 2.71645797496 0.798842428082 0.268508878977 2.07696165091 1.37691669336
1.725188 1.60441008607 -0.41502087792 2.71645797496 0.798842428082 0.268508878977 2.07542766577 1.37614970079
1.735194 1.60441008607 -0.41502087792 2.71645797496 0.798842428082 0.268508878977 2.07542766577 1.37614970079
1.745211 1.60441008607 -0.41502087792 2.71645797496 0.798842428082 0.268508878977 2.07542766577 1.37614970079
1.755218 1.60287610094 -0.413103515707 2.71645797496 0.801910398358 0.268892375261 2.07427705771 1.37538270822
1.765191 1.60325947801 -0.414637500845 2.71569122081 0.804594514722 0.26812574032 2.07120908743 1.37384872308
1.775200 1.604026709 -0.413870508276 2.71569122081 0.805745122784 0.26812574032 2.07082571036 1.37308173052
1.785211 1.604026709 -0.413870508276 2.71569122081 0.805745122784 0.26812574032 2.07082571036 1.37308173052
1.795186 1.604026709 -0.413870508276 2.71569122081 0.805745122784 0.26812574032 2.07082571036 1.37308173052
1.805228 1.60325947801 -0.413103515707 2.71722520595 0.809580324048 0.268508878977 2.06890834814 1.37384872308
1.815209 1.60210934678 -0.413103515707 2.71645797496 0.812264440411 0.267741886408 2.06775774008 1.37193088403
1.825224 1.60325947801 -0.411185915075 2.71569122081 0.816099641675 0.266591755182 2.06392253882 1.37078075281
1.835182 1.60325947801 -0.411185915075 2.71569122081 0.816099641675 0.266591755182 2.06392253882 1.37078075281
1.845209 1.60325947801 -0.411185915075 2.71569122081 0.816099641675 0.266591755182 2.06392253882 1.37078075281
1.855208 1.60325947801 -0.411185915075 2.71569122081 0.816099641675 0.266591755182 2.06392253882 1.37078075281
1.865192 1.60095873872 -0.410418922506 2.71760882144 0.822618959302 0.266591755182 2.0593205834 1.3684797751
1.875208 1.6013421158 -0.409651929937 2.71684182887 0.824536321515 0.26620790127 2.05625261313 1.36886291376
1.885209 1.60172549287 -0.410035545431 2.7160748363 0.828754899854 0.265440908701 2.05433525092 1.36694578996
1.895190 1.60172549287 -0.410035545431 2.7160748363 0.828754899854 0.265440908701 2.05433525092 1.36694578996
1.905219 1.60057536165 -0.408501560293 2.7160748363 0.833356855267 0.265057799847 2.05203451163 1.3661787974
1.915210 1.60057536165 -0.406967575155 2.71684182887 0.840259549969 0.265440908701 2.04628194815 1.36541180483
1.925203 1.60057536165 -0.406967575155 2.71684182887 0.840259549969 0.265440908701 2.04628194815 1.36541180483
1.935184 1.60095873872 -0.406967575155 2.71722520595 0.841410158032 0.264290419847 2.04398120886 1.36311082712
1.945211 1.60095873872 -0.406967575155 2.71722520595 0.841410158032 0.264290419847 2.04398120886 1.36311082712
1.955207 1.60095873872 -0.406967575155 2.71722520595 0.841410158032 0.264290419847 2.04398120886 1.36311082712
1.965210 1.59904137651 -0.405049974523 2.71569122081 0.852148053998 0.264673916132 2.0374614144 1.35889236799
1.975196 1.59827414552 -0.403899604879 2.71530784373 0.858667371625 0.263139930994 2.03170932776 1.35850887171
1.985207 1.59827414552 -0.403899604879 2.71530784373 0.858667371625 0.263139930994 2.03170932776 1.35850887171
1.995180 1.59827414552 -0.403899604879 2.71530784373 0.858667371625 0.263139930994 2.03170932776 1.35850887171
2.005209 1.59827414552 -0.403899604879 2.71530784373 0.858667371625 0.263139930994 2.03170932776 1.35850887171
2.015209 1.59750739137 -0.401215011678 2.71530784373 0.871323106641 0.26275643471 2.02365554816 1.35390691629
2.025180 1.59712353746 -0.401598627172 2.71415723567 0.875541208142 0.26275643471 2.02020420081 1.35198907724
2.035183 1.59635678331 -0.401598627172 2.7137738586 0.879376409406 0.262372938425 2.0175196076 1.3504550921
2.045224 1.59635678331 -0.401598627172 2.7137738586 0.879376409406 0.262372938425 2.0175196076 1.3504550921
2.055208 1.59635678331 -0.401598627172 2.7137738586 0.879376409406 0.262372938425 2.0175196076 1.3504550921
2.065186 1.59674016038 -0.398530656896 2.7118567348 0.892031667584 0.259304968149 2.00831569678 1.34777097574
2.075209 1.59482279817 -0.396996671758 2.71262325053 0.897017000073 0.260838953287 2.00448097235 1.3454696404
2.085209 1.59520617525 -0.396613056264 2.71223987346 0.901618955487 0.259688464434 2.00026239401 1.34355251661
2.095192 1.59520617525 -0.396613056264 2.71223987346 0.901618955487 0.259688464434 2.00026239401 1.34355251661
2.105210 1.59482279817 -0.39546268662 2.7118567348 0.911590097302 0.258154509098 1.99220909125 1.34163503519
2.115181 1.59367219011 -0.392394716344 2.71147288089 0.921177385205 0.257771012814 1.98530639655 1.33933369985
2.125200 1.59367219011 -0.392394716344 2.71147288089 0.921177385205 0.257771012814 1.98530639655 1.33933369985
2.135206 1.59328881303 -0.391244108282 2.7110892654 0.926929471844 0.257004377872 1.98147119528 1.33703319898
2.145209 1.59328881303 -0.391244108282 2.7110892654 0.926929471844 0.257004377872 1.98147119528 1.33703319898
2.155210 1.59328881303 -0.391244108282 2.7110892654 0.926929471844 0.257004377872 1.98147119528 1.33703319898
2.165210 1.59175482789 -0.3885597535 2.70917190318 0.941885946149 0.257004377872 1.96804870612 1.33204774729
2.175231 1.59098759691 -0.386258775793 2.70955528026 0.951089856976 0.255853889019 1.96076263434 1.32936327329
2.185210 1.59098759691 -0.386258775793 2.70955528026 0.951089856976 0.255853889019 1.96076263434 1.32936327329
2.195209 1.59098759691 -0.386258775793 2.70955528026 0.951089856976 0.255853889019 1.96076263434 1.32936327329
2.205205 1.59098759691 -0.386258775793 2.70955528026 0.951089856976 0.255853889019 1.96076263434 1.32936327329
2.215208 1.59098759691 -0.385875160299 2.70917190318 0.967196462506 0.253936437399 1.94810737616 1.32591180673
2.225228 1.59137145082 -0.386258775793 2.70955528026 0.971415040845 0.2531690574 1.9442721749 1.32284383646
2.235201 1.59060421983 -0.385875160299 2.70725477939 0.977550981396 0.253552553684 1.94005359656 1.32207684389
2.245217 1.59060421983 -0.385875160299 2.70725477939 0.977550981396 0.253552553684 1.94005359656 1.32207684389
2.255210 1.58983746568 -0.384341175161 2.70840491061 0.985987661237 0.252785948545 1.93200029379 1.31939201227
2.265210 1.58983746568 -0.383574182592 2.70687092548 0.990973470563 0.253552553684 1.92778171545 1.31747488847
2.275181 1.58907023469 -0.383957798086 2.70533694034 0.996726034039 0.252402452261 1.92241300589 1.31594090334
2.285209 1.58945361177 -0.382040197454 2.70572079425 1.00171136653 0.252402452261 1.91972841269 1.31479005686
2.295211 1.58945361177 -0.382040197454 2.70572079425 1.00171136653 0.252402452261 1.91972841269 1.31479005686
2.305215 1.58830348054 -0.38088982781 2.70572079425 1.01244926249 0.252018568546 1.91129173285 1.31172208658
2.315217 1.58868685762 -0.380122835241 2.70495332484 1.02088594233 0.250484583408 1.90323843008 1.3086541163
2.325205 1.58868685762 -0.381656820379 2.70418680911 1.02663850581 0.250101087124 1.89786924368 1.30635349622
2.335183 1.58868685762 -0.381656820379 2.70418680911 1.02663850581 0.250101087124 1.89786924368 1.30635349622
2.345205 1.58868685762 -0.381656820379 2.70418680911 1.02663850581 0.250101087124 1.89786924368 1.30635349622
2.355212 1.58868685762 -0.381656820379 2.70418680911 1.02663850581 0.250101087124 1.89786924368 1.30635349622
2.365212 1.58715287248 -0.380506212316 2.70456994777 1.0412111262 0.250484583408 1.8852139855 1.30213467947
2.375233 1.58676949541 -0.378972227178 2.70418680911 1.05079841411 0.249334481985 1.87716068274 1.29906670919
2.385219 1.58676949541 -0.378972227178 2.70418680911 1.05079841411 0.249334481985 1.87716068274 1.29906670919
2.395225 1.58676949541 -0.378972227178 2.70418680911 1.05079841411 0.249334481985 1.87716068274 1.29906670919
2.405228 1.58676949541 -0.378972227178 2.70418680911 1.05079841411 0.249334481985 1.87716068274 1.29906670919
2.415225 1.58715287248 -0.378588850103 2.70188535457 1.06805610453 0.248567101986 1.86220420844 1.29561571947
2.425230 1.58600226442 -0.376287872396 2.70188535457 1.07189082896 0.248183993132 1.85760225302 1.29331474176
2.435231 1.58638564149 -0.37667148789 2.70188535457 1.07687663829 0.247416642935 1.85261692053 1.29216425291
2.445233 1.58638564149 -0.37667148789 2.70188535457 1.07687663829 0.247416642935 1.85261692053 1.29216425291
2.455332 1.58600226442 -0.377821857534 2.69996799236 1.08646392619 0.246650007994 1.8434130097 1.28794579378
2.465307 1.58485165635 -0.376287872396 2.69996799236 1.09221648967 0.246266511709 1.83919443137 1.28756229749
2.475347 1.58600226442 -0.375904495321 2.70111883884 1.09796857631 0.245499161512 1.83459247595 1.28602831236
2.485314 1.58485165635 -0.375904495321 2.70035136943 1.10218715464 0.24703314665 1.83037437445 1.28526096216
2.495269 1.58485165635 -0.375904495321 2.70035136943 1.10218715464 0.24703314665 1.83037437445 1.28526096216
2.505263 1.58485165635 -0.375904495321 2.70035136943 1.10218715464 0.24703314665 1.83037437445 1.28526096216
2.515247 1.58638564149 -0.375137502752 2.69920099979 1.12366294658 0.245499161512 1.81119932181 1.27874188295
2.525244 1.58638564149 -0.375137502752 2.69996799236 1.127497671 0.245116022856 1.80736459738 1.27682440153
2.535250 1.58638564149 -0.375137502752 2.69996799236 1.127497671 0.245116022856 1.80736459738 1.27682440153
2.545251 1.58638564149 -0.375137502752 2.69996799236 1.127497671 0.245116022856 1.80736459738 1.27682440153
2.555243 1.58638564149 -0.375137502752 2.69996799236 1.127497671 0.245116022856 1.80736459738 1.27682440153
2.565261 1.58638564149 -0.374753887258 2.69690002208 1.14207076823 0.24358206752 1.79279150015 1.27183894983
2.575233 1.58753624956 -0.375137502752 2.69613302951 1.14667224681 0.24358206752 1.78818954474 1.26992111078
2.585211 1.58715287248 -0.374753887258 2.69766701465 1.15204143321 0.243198571236 1.78358758932 1.26838712564
2.595223 1.58715287248 -0.374753887258 2.69766701465 1.15204143321 0.243198571236 1.78358758932 1.26838712564
2.605212 1.58715287248 -0.374753887258 2.69766701465 1.15204143321 0.243198571236 1.78358758932 1.26838712564
2.615221 1.58600226442 -0.375904495321 2.69690002208 1.16699790751 0.243965176374 1.76978172308 1.26416902414
2.625222 1.58600226442 -0.375137502752 2.69651640659 1.17198324 0.244732526571 1.76402963644 1.26340167394
2.635216 1.58638564149 -0.375137502752 2.69651640659 1.17620181834 0.242814687521 1.76057781226 1.26225118509
2.645221 1.58638564149 -0.375137502752 2.69651640659 1.17620181834 0.242814687521 1.76057781226 1.26225118509
2.655211 1.58638564149 -0.375137502752 2.69651640659 1.17620181834 0.242814687521 1.76057781226 1.26225118509
2.665211 1.5840849022 -0.37667148789 2.69574941402 1.19729375636 0.244348672659 1.74025262839 1.25803308359
2.675220 1.5840849022 -0.37667148789 2.69574941402 1.19729375636 0.244348672659 1.74025262839 1.25803308359
2.685209 1.58446827928 -0.375520879827 2.69613302951 1.20227908885 0.244348672659 1.73603452689 1.25688259474
2.695214 1.58446827928 -0.375520879827 2.69613302951 1.20227908885 0.244348672659 1.73603452689 1.25688259474
2.705210 1.58446827928 -0.375520879827 2.69613302951 1.20227908885 0.244348672659 1.73603452689 1.25688259474
2.715192 1.58255091707 -0.375137502752 2.69498242145 1.21570157802 0.245116022856 1.72261203772 1.25343124738
2.725200 1.58255091707 -0.375520879827 2.69690002208 1.22452163493 0.245116022856 1.71532548911 1.2530477511
2.735210 1.58255091707 -0.375520879827 2.69690002208 1.22452163493 0.245116022856 1.71532548911 1.2530477511
2.745210 1.58255091707 -0.375520879827 2.69690002208 1.22452163493 0.245116022856 1.71532548911 1.2530477511
2.755202 1.58255091707 -0.375520879827 2.69690002208 1.22452163493 0.245116022856 1.71532548911 1.2530477511
2.765213 1.57986632387 -0.375520879827 2.69574941402 1.23487663066 0.246266511709 1.70343746191 1.24882929197
2.775210 1.58025017778 -0.374753887258 2.69651640659 1.23986148631 0.245882657797 1.70190347678 1.24882929197
2.785208 1.57986632387 -0.375520879827 2.69574941402 1.24254607951 0.246650007994 1.69691766745 1.24691181055
2.795209 1.57986632387 -0.375520879827 2.69574941402 1.24254607951 0.246650007994 1.69691766745 1.24691181055
2.805211 1.57986632387 -0.375520879827 2.69574941402 1.24254607951 0.246650007994 1.69691766745 1.24691181055
2.815210 1.57833233873 -0.376287872396 2.69613302951 1.2529005984 0.246650007994 1.68694700247 1.2449939715
2.825197 1.57794896165 -0.37667148789 2.69690002208 1.25673579966 0.24703314665 1.68349565512 1.24384384027
2.835181 1.5771822075 -0.375904495321 2.69613302951 1.25865316188 0.24703314665 1.681194439 1.24422733656
2.845210 1.5771822075 -0.375904495321 2.69613302951 1.25865316188 0.24703314665 1.681194439 1.24422733656
2.855226 1.57679835359 -0.375904495321 2.69574941402 1.26555585658 0.24703314665 1.67429174429 1.24269335142
2.865198 1.57603159944 -0.37667148789 2.69574941402 1.27015781199 0.247416642935 1.66930593497 1.24230985513
2.875209 1.57603159944 -0.37667148789 2.69574941402 1.27015781199 0.247416642935 1.66930593497 1.24230985513
2.885196 1.57564822236 -0.375520879827 2.69613302951 1.27514362132 0.24895059827 1.6666218186 1.24077587
2.895209 1.57564822236 -0.375520879827 2.69613302951 1.27514362132 0.24895059827 1.6666218186 1.24077587
2.905209 1.57564822236 -0.375520879827 2.69613302951 1.27514362132 0.24895059827 1.6666218186 1.24077587
2.915198 1.57488099138 -0.375904495321 2.69613302951 1.28127956187 0.24895059827 1.66010250098 1.23847489229
2.925230 1.57564822236 -0.377438480459 2.69651640659 1.28549766337 0.247800496847 1.65626729971 1.23885803095
2.935209 1.57564822236 -0.377438480459 2.69651640659 1.28549766337 0.247800496847 1.65626729971 1.23885803095
2.945210 1.57564822236 -0.377438480459 2.69651640659 1.28549766337 0.247800496847 1.65626729971 1.23885803095
2.955221 1.57564822236 -0.376287872396 2.69613302951 1.28971624171 0.248567101986 1.65281595236 1.23655741087
2.965209 1.57564822236 -0.37667148789 2.69574941402 1.29086684977 0.247416642935 1.65128196722 1.23617391458
2.975210 1.57526436845 -0.37667148789 2.69690002208 1.29316758906 0.248567101986 1.64859737402 1.23579006067
2.985195 1.57488099138 -0.37667148789 2.69613302951 1.2947015742 0.24895059827 1.64821399695 1.23617391458
2.995225 1.57488099138 -0.37667148789 2.69613302951 1.2947015742 0.24895059827 1.64821399695 1.23617391458
3.005265 1.57411423723 -0.376287872396 2.69651640659 1.29700279033 0.250101087124 1.64552940375 1.23540692201
3.015188 1.57373038331 -0.376287872396 2.69651640659 1.29776954448 0.24895059827 1.64284481055 1.23502342573
3.025221 1.57373038331 -0.377054864965 2.69651640659 1.3016042689 0.24895059827 1.64284481055 1.23387293688
3.035209 1.57373038331 -0.375520879827 2.69498242145 1.3016042689 0.249334481985 1.64092744833 1.23425607553
3.045211 1.57373038331 -0.375520879827 2.69498242145 1.3016042689 0.249334481985 1.64092744833 1.23425607553
3.055242 1.57296362916 -0.375520879827 2.69613302951 1.30313873088 0.248183993132 1.63901008612 1.23425607553
3.065198 1.57219639818 -0.374753887258 2.69651640659 1.30505561625 0.248567101986 1.63747610098 1.23310594431
3.075267 1.57296362916 -0.37667148789 2.69613302951 1.30582284724 0.24895059827 1.63632549292 1.23348944059
3.085197 1.57296362916 -0.37667148789 2.69613302951 1.30582284724 0.24895059827 1.63632549292 1.23348944059
3.095234 1.57296362916 -0.37667148789 2.69613302951 1.30582284724 0.24895059827 1.63632549292 1.23348944059
3.105226 1.57296362916 -0.37667148789 2.69613302951 1.30582284724 0.24895059827 1.63632549292 1.23348944059
3.115207 1.57334700624 -0.37667148789 2.69651640659 1.3069734553 0.248567101986 1.63594211584 1.23272209039
3.125231 1.57373038331 -0.376287872396 2.69728339915 1.30735683238 0.248567101986 1.63555873877 1.23348944059
3.135213 1.57296362916 -0.375520879827 2.69690002208 1.30735683238 0.249334481985 1.63555873877 1.23272209039
3.145211 1.57296362916 -0.375520879827 2.69690002208 1.30735683238 0.249334481985 1.63555873877 1.23272209039
3.155208 1.57296362916 -0.375520879827 2.69690002208 1.30735683238 0.249334481985 1.63555873877 1.23272209039
3.165209 1.57258025209 -0.377054864965 2.69766701465 1.30735683238 0.248183993132 1.63440813071 1.23310594431
3.175208 1.57296362916 -0.376287872396 2.69805039172 1.30735683238 0.24971797827 1.63555873877 1.23348944059
3.185214 1.57334700624 -0.376287872396 2.69766701465 1.30812358653 0.24895059827 1.63555873877 1.23348944059
3.195207 1.57334700624 -0.376287872396 2.69766701465 1.30812358653 0.24895059827 1.63555873877 1.23348944059
3.205199 1.57258025209 -0.377438480459 2.69805039172 1.3069734553 0.24895059827 1.63594211584 1.23310594431
3.215210 1.57258025209 -0.375520879827 2.69728339915 1.30735683238 0.248567101986 1.63555873877 1.23348944059
3.225209 1.57219639818 -0.377438480459 2.69805039172 1.30659007823 0.24895059827 1.63517488486 1.23272209039
3.235211 1.5718130211 -0.377438480459 2.69843400722 1.30735683238 0.249334481985 1.63479150778 1.23195545545
3.245209 1.5718130211 -0.377438480459 2.69843400722 1.30735683238 0.249334481985 1.63479150778 1.23195545545
3.255210 1.5718130211 -0.377438480459 2.69843400722 1.30735683238 0.249334481985 1.63479150778 1.23195545545
3.265221 1.57296362916 -0.37667148789 2.69766701465 1.30927467143 0.248567101986 1.63402475363 1.23348944059
3.275191 1.57373038331 -0.377438480459 2.69805039172 1.30774020945 0.248183993132 1.63555873877 1.23348944059
3.285193 1.57373038331 -0.377438480459 2.69805039172 1.30774020945 0.248183993132 1.63555873877 1.23348944059
3.295210 1.57373038331 -0.377438480459 2.69805039172 1.30774020945 0.248183993132 1.63555873877 1.23348944059
3.305208 1.57373038331 -0.377438480459 2.69805039172 1.30774020945 0.248183993132 1.63555873877 1.23348944059
3.315182 1.57258025209 -0.377054864965 2.69728339915 1.30774020945 0.249334481985 1.63479150778 1.23233895174
3.325222 1.57296362916 -0.377054864965 2.69920099979 1.30620670115 0.24895059827 1.63517488486 1.23272209039
3.335210 1.57296362916 -0.37667148789 2.69881738429 1.30812358653 0.249334481985 1.63479150778 1.23195545545
3.345182 1.57296362916 -0.37667148789 2.69881738429 1.30812358653 0.249334481985 1.63479150778 1.23195545545
3.355209 1.57296362916 -0.37667148789 2.69881738429 1.30812358653 0.249334481985 1.63479150778 1.23195545545
3.365210 1.57296362916 -0.377821857534 2.69766701465 1.30774020945 0.24971797827 1.63517488486 1.23118810526
3.375210 1.57373038331 -0.37667148789 2.69766701465 1.30774020945 0.249334481985 1.63555873877 1.23348944059
3.385210 1.57296362916 -0.37667148789 2.69766701465 1.30735683238 0.249334481985 1.63517488486 1.23233895174
3.395209 1.57296362916 -0.37667148789 2.69766701465 1.30735683238 0.249334481985 1.63517488486 1.23233895174
3.405203 1.57373038331 -0.376287872396 2.69766701465 1.3069734553 0.24895059827 1.63517488486 1.23272209039
3.415185 1.57334700624 -0.376287872396 2.69843400722 1.30774020945 0.24895059827 1.63594211584 1.23310594431
3.425210 1.57334700624 -0.376287872396 2.69843400722 1.30774020945 0.24895059827 1.63594211584 1.23310594431
3.435207 1.57411423723 -0.376287872396 2.69843400722 1.30774020945 0.249334481985 1.63479150778 1.23272209039
3.445207 1.57411423723 -0.376287872396 2.69843400722 1.30774020945 0.249334481985 1.63479150778 1.23272209039
3.455209 1.57411423723 -0.376287872396 2.69843400722 1.30774020945 0.249334481985 1.63479150778 1.23272209039
3.465226 1.57296362916 -0.377438480459 2.69881738429 1.30812358653 0.24971797827 1.63555873877 1.23310594431
3.475257 1.57373038331 -0.377438480459 2.69805039172 1.3069734553 0.249334481985 1.63555873877 1.23272209039
3.485209 1.57373038331 -0.377438480459 2.69805039172 1.3069734553 0.249334481985 1.63555873877 1.23272209039
3.495230 1.57373038331 -0.377438480459 2.69805039172 1.3069734553 0.249334481985 1.63555873877 1.23272209039
3.505210 1.57373038331 -0.377438480459 2.69805039172 1.3069734553 0.249334481985 1.63555873877 1.23272209039
3.515208 1.57296362916 -0.378205473028 2.69881738429 1.30735683238 0.249334481985 1.63517488486 1.23272209039
3.525233 1.57334700624 -0.377054864965 2.69728339915 1.3069734553 0.249334481985 1.63594211584 1.23195545545
3.535200 1.57334700624 -0.377054864965 2.69728339915 1.3069734553 0.249334481985 1.63594211584 1.23195545545
3.545225 1.57334700624 -0.377054864965 2.69728339915 1.3069734553 0.249334481985 1.63594211584 1.23195545545
3.555209 1.57334700624 -0.377054864965 2.69728339915 1.3069734553 0.249334481985 1.63594211584 1.23195545545
3.565209 1.5718130211 -0.377438480459 2.69881738429 1.30889081752 0.249334481985 1.63555873877 1.23233895174
3.575209 1.57373038331 -0.377438480459 2.69805039172 1.30812358653 0.248567101986 1.63479150778 1.23348944059
3.585209 1.57334700624 -0.376287872396 2.69843400722 1.30735683238 0.24971797827 1.63517488486 1.23348944059
3.595211 1.57334700624 -0.376287872396 2.69843400722 1.30735683238 0.24971797827 1.63517488486 1.23348944059
3.605212 1.57334700624 -0.378205473028 2.69881738429 1.30735683238 0.24895059827 1.63594211584 1.23310594431
3.615266 1.57334700624 -0.377821857534 2.69805039172 1.3069734553 0.249334481985 1.63479150778 1.23387293688
3.625210 1.57334700624 -0.377821857534 2.69805039172 1.3069734553 0.249334481985 1.63479150778 1.23387293688
3.635209 1.57219639818 -0.37667148789 2.69805039172 1.30735683238 0.24895059827 1.63479150778 1.23387293688
3.645228 1.57219639818 -0.37667148789 2.69805039172 1.30735683238 0.24895059827 1.63479150778 1.23387293688
3.655236 1.57219639818 -0.37667148789 2.69805039172 1.30735683238 0.24895059827 1.63479150778 1.23387293688
3.665271 1.57334700624 -0.377438480459 2.69766701465 1.30735683238 0.24895059827 1.63440813071 1.23233895174
3.675255 1.57373038331 -0.377821857534 2.69728339915 1.3069734553 0.24895059827 1.63479150778 1.23272209039
3.685235 1.57373038331 -0.377821857534 2.69728339915 1.3069734553 0.24895059827 1.63479150778 1.23272209039
3.695234 1.57373038331 -0.377821857534 2.69728339915 1.3069734553 0.24895059827 1.63479150778 1.23272209039
3.705234 1.57373038331 -0.377821857534 2.69728339915 1.3069734553 0.24895059827 1.63479150778 1.23272209039
3.715234 1.57296362916 -0.378588850103 2.69728339915 1.30812358653 0.249334481985 1.63517488486 1.23272209039
3.725235 1.57334700624 -0.377438480459 2.69766701465 1.30774020945 0.250484583408 1.63555873877 1.23348944059
3.735240 1.57219639818 -0.377438480459 2.69766701465 1.3069734553 0.24895059827 1.63479150778 1.23310594431
3.745219 1.57219639818 -0.377438480459 2.69766701465 1.3069734553 0.24895059827 1.63479150778 1.23310594431
3.755218 1.57258025209 -0.378205473028 2.69920099979 1.30812358653 0.24971797827 1.63479150778 1.23310594431
3.765209 1.57373038331 -0.377054864965 2.69805039172 1.30774020945 0.24971797827 1.63517488486 1.23310594431
3.775207 1.57296362916 -0.378205473028 2.69766701465 1.3069734553 0.249334481985 1.63479150778 1.23233895174
3.785212 1.57334700624 -0.376287872396 2.69805039172 1.30620670115 0.249334481985 1.63479150778 1.23310594431
3.795211 1.57334700624 -0.376287872396 2.69805039172 1.30620670115 0.249334481985 1.63479150778 1.23310594431
3.805199 1.57334700624 -0.376287872396 2.69805039172 1.30620670115 0.249334481985 1.63479150778 1.23310594431
3.815236 1.57373038331 -0.377821857534 2.69881738429 1.3069734553 0.249334481985 1.63440813071 1.23272209039
3.825211 1.57373038331 -0.377821857534 2.69881738429 1.3069734553 0.249334481985 1.63440813071 1.23272209039
3.835209 1.57373038331 -0.37667148789 2.69766701465 1.3069734553 0.250484583408 1.63517488486 1.23233895174
3.845197 1.57373038331 -0.37667148789 2.69766701465 1.3069734553 0.250484583408 1.63517488486 1.23233895174
3.855209 1.57373038331 -0.37667148789 2.69766701465 1.3069734553 0.250484583408 1.63517488486 1.23233895174
3.865209 1.57334700624 -0.377054864965 2.69843400722 1.30735683238 0.24971797827 1.63517488486 1.23348944059
3.875197 1.57258025209 -0.376287872396 2.69920099979 1.30659007823 0.24895059827 1.63479150778 1.23233895174
3.885209 1.57258025209 -0.376287872396 2.69920099979 1.30659007823 0.24895059827 1.63479150778 1.23233895174
3.895210 1.57258025209 -0.376287872396 2.69920099979 1.30659007823 0.24895059827 1.63479150778 1.23233895174
3.905209 1.57258025209 -0.376287872396 2.69920099979 1.30659007823 0.24895059827 1.63479150778 1.23233895174
3.915210 1.57296362916 -0.378205473028 2.69843400722 1.3069734553 0.24971797827 1.63555873877 1.23233895174
3.925208 1.57334700624 -0.37667148789 2.69843400722 1.30659007823 0.24971797827 1.63555873877 1.23233895174
3.935213 1.57296362916 -0.377054864965 2.69920099979 1.30735683238 0.249334481985 1.63555873877 1.23195545545
3.945210 1.57296362916 -0.377054864965 2.69920099979 1.30735683238 0.249334481985 1.63555873877 1.23195545545
3.955271 1.57258025209 -0.377821857534 2.69766701465 1.30735683238 0.24971797827 1.63479150778 1.23195545545
3.965206 1.57334700624 -0.377821857534 2.70035136943 1.3069734553 0.24971797827 1.63555873877 1.23272209039
3.975198 1.57334700624 -0.376287872396 2.69881738429 1.30812358653 0.24971797827 1.63517488486 1.23387293688
3.985209 1.57219639818 -0.377438480459 2.69843400722 1.30735683238 0.24971797827 1.63440813071 1.23233895174
3.995209 1.57219639818 -0.377438480459 2.69843400722 1.30735683238 0.24971797827 1.63440813071 1.23233895174
4.005200 1.57219639818 -0.377821857534 2.69881738429 1.30774020945 0.249334481985 1.63440813071 1.23310594431
4.015265 1.57296362916 -0.376287872396 2.69805039172 1.30735683238 0.249334481985 1.63440813071 1.23272209039
4.025221 1.57219639818 -0.375904495321 2.69766701465 1.30659007823 0.24895059827 1.63440813071 1.23310594431
4.035209 1.57219639818 -0.375904495321 2.69766701465 1.30659007823 0.24895059827 1.63440813071 1.23310594431
4.045210 1.57219639818 -0.375904495321 2.69766701465 1.30659007823 0.24895059827 1.63440813071 1.23310594431
4.055210 1.57219639818 -0.375904495321 2.69766701465 1.30659007823 0.24895059827 1.63440813071 1.23310594431
4.065207 1.57219639818 -0.37667148789 2.69805039172 1.30735683238 0.249334481985 1.63479150778 1.23310594431
4.075208 1.57219639818 -0.377821857534 2.69805039172 1.30659007823 0.250101087124 1.63479150778 1.23310594431
4.085209 1.57334700624 -0.378588850103 2.69881738429 1.3069734553 0.248567101986 1.63479150778 1.23348944059
4.095209 1.57334700624 -0.378588850103 2.69881738429 1.3069734553 0.248567101986 1.63479150778 1.23348944059
4.105208 1.57334700624 -0.378588850103 2.69881738429 1.3069734553 0.248567101986 1.63479150778 1.23348944059
4.115213 1.57296362916 -0.377821857534 2.69805039172 1.30735683238 0.249334481985 1.63555873877 1.23233895174
4.125209 1.57373038331 -0.378205473028 2.69843400722 1.30735683238 0.248567101986 1.63479150778 1.23195545545
4.135209 1.57258025209 -0.37667148789 2.69690002208 1.30850744044 0.24971797827 1.63555873877 1.23310594431
4.145211 1.57258025209 -0.37667148789 2.69690002208 1.30850744044 0.24971797827 1.63555873877 1.23310594431
4.155280 1.57296362916 -0.376287872396 2.69843400722 1.30812358653 0.250868467123 1.63517488486 1.23233895174
4.165214 1.57296362916 -0.377054864965 2.69843400722 1.3069734553 0.249334481985 1.63555873877 1.23233895174
4.175269 1.57296362916 -0.377821857534 2.69766701465 1.30620670115 0.249334481985 1.63555873877 1.23310594431
4.185209 1.57296362916 -0.377821857534 2.69766701465 1.30620670115 0.249334481985 1.63555873877 1.23310594431
4.195209 1.57296362916 -0.377821857534 2.69766701465 1.30620670115 0.249334481985 1.63555873877 1.23310594431
4.205192 1.57296362916 -0.377821857534 2.69766701465 1.30620670115 0.249334481985 1.63555873877 1.23310594431
4.215230 1.57334700624 -0.37667148789 2.69881738429 1.30850744044 0.249334481985 1.63517488486 1.23195545545
4.225205 1.57296362916 -0.37667148789 2.69805039172 1.30659007823 0.24895059827 1.63594211584 1.23272209039
4.235201 1.57296362916 -0.37667148789 2.69805039172 1.30659007823 0.24895059827 1.63594211584 1.23272209039
4.245206 1.57296362916 -0.37667148789 2.69805039172 1.30659007823 0.24895059827 1.63594211584 1.23272209039
4.255208 1.57296362916 -0.37667148789 2.69805039172 1.30659007823 0.24895059827 1.63594211584 1.23272209039
4.265209 1.57411423723 -0.377821857534 2.69843400722 1.30735683238 0.250101087124 1.63479150778 1.23272209039
4.275214 1.57258025209 -0.378972227178 2.69843400722 1.30735683238 0.24971797827 1.63479150778 1.23348944059
4.285211 1.57334700624 -0.378205473028 2.69805039172 1.30735683238 0.24971797827 1.63594211584 1.23387293688
4.295206 1.57334700624 -0.378205473028 2.69805039172 1.30735683238 0.24971797827 1.63594211584 1.23387293688
4.305196 1.57334700624 -0.378205473028 2.69805039172 1.30735683238 0.24971797827 1.63594211584 1.23387293688
4.315184 1.57258025209 -0.377438480459 2.69728339915 1.30620670115 0.249334481985 1.63517488486 1.23348944059
4.325213 1.57296362916 -0.377054864965 2.69805039172 1.30774020945 0.249334481985 1.63709272391 1.23233895174
4.335182 1.5718130211 -0.377054864965 2.69843400722 1.30812358653 0.249334481985 1.63517488486 1.23348944059
4.345211 1.5718130211 -0.377054864965 2.69843400722 1.30812358653 0.249334481985 1.63517488486 1.23348944059
4.355207 1.57296362916 -0.377438480459 2.69881738429 1.3069734553 0.24971797827 1.63517488486 1.23272209039
4.365215 1.57334700624 -0.377821857534 2.69728339915 1.30735683238 0.250101087124 1.63517488486 1.23233895174
4.375210 1.57334700624 -0.377821857534 2.69728339915 1.30735683238 0.250101087124 1.63517488486 1.23233895174
4.385209 1.57296362916 -0.377821857534 2.69805039172 1.30620670115 0.24971797827 1.63517488486 1.23272209039
4.395209 1.57296362916 -0.377821857534 2.69805039172 1.30620670115 0.24971797827 1.63517488486 1.23272209039
4.405207 1.57296362916 -0.377821857534 2.69805039172 1.30620670115 0.24971797827 1.63517488486 1.23272209039
4.415216 1.57258025209 -0.377438480459 2.69690002208 1.30659007823 0.24971797827 1.63517488486 1.23348944059
4.425211 1.57334700624 -0.377438480459 2.69881738429 1.3069734553 0.249334481985 1.63517488486 1.23233895174
4.435198 1.57334700624 -0.377438480459 2.69881738429 1.3069734553 0.249334481985 1.63517488486 1.23233895174
4.445212 1.57334700624 -0.377438480459 2.69881738429 1.3069734553 0.249334481985 1.63517488486 1.23233895174
4.455208 1.57334700624 -0.377438480459 2.69881738429 1.3069734553 0.249334481985 1.63517488486 1.23233895174
4.465209 1.57334700624 -0.376287872396 2.69766701465 1.30735683238 0.24895059827 1.63670887 1.23272209039
4.475209 1.57258025209 -0.377438480459 2.69766701465 1.30659007823 0.249334481985 1.63555873877 1.23195545545
4.485225 1.57258025209 -0.378205473028 2.69805039172 1.30620670115 0.24971797827 1.63555873877 1.23233895174
4.495229 1.57258025209 -0.378205473028 2.69805039172 1.30620670115 0.24971797827 1.63555873877 1.23233895174
4.505307 1.57296362916 -0.377821857534 2.69881738429 1.3069734553 0.24895059827 1.63594211584 1.23387293688
4.515232 1.57258025209 -0.377821857534 2.69805039172 1.30659007823 0.250101087124 1.63479150778 1.23272209039
4.525232 1.57258025209 -0.378205473028 2.69920099979 1.30735683238 0.24971797827 1.63517488486 1.23272209039
4.535205 1.57258025209 -0.377821857534 2.69805039172 1.30735683238 0.24895059827 1.63555873877 1.23310594431
4.545259 1.57258025209 -0.377821857534 2.69805039172 1.30735683238 0.24895059827 1.63555873877 1.23310594431
4.555240 1.57258025209 -0.378972227178 2.69881738429 1.30659007823 0.24895059827 1.63479150778 1.23272209039
4.565238 1.57334700624 -0.376287872396 2.69805039172 1.30735683238 0.249334481985 1.63517488486 1.23425607553
4.575217 1.57334700624 -0.376287872396 2.69805039172 1.30735683238 0.249334481985 1.63517488486 1.23425607553
4.585216 1.57296362916 -0.377821857534 2.69766701465 1.30659007823 0.249334481985 1.63594211584 1.23233895174
4.595250 1.57296362916 -0.377821857534 2.69766701465 1.30659007823 0.249334481985 1.63594211584 1.23233895174
4.605257 1.57296362916 -0.377821857534 2.69766701465 1.30659007823 0.249334481985 1.63594211584 1.23233895174
4.615256 1.57334700624 -0.378205473028 2.69766701465 1.3069734553 0.250101087124 1.63402475363 1.23272209039
4.625264 1.57296362916 -0.376287872396 2.69766701465 1.3069734553 0.24895059827 1.63517488486 1.23310594431
4.635230 1.57296362916 -0.378588850103 2.69920099979 1.30659007823 0.249334481985 1.63479150778 1.23118810526
4.645256 1.57296362916 -0.378588850103 2.69920099979 1.30659007823 0.249334481985 1.63479150778 1.23118810526
4.655306 1.57296362916 -0.378588850103 2.69920099979 1.30659007823 0.249334481985 1.63479150778 1.23118810526
4.665317 1.57258025209 -0.375520879827 2.69728339915 1.30659007823 0.24971797827 1.63594211584 1.23272209039
4.675324 1.57334700624 -0.377821857534 2.69728339915 1.30850744044 0.249334481985 1.63555873877 1.23233895174
4.685312 1.57373038331 -0.378205473028 2.69805039172 1.30735683238 0.249334481985 1.63517488486 1.23387293688
4.695324 1.57373038331 -0.378205473028 2.69805039172 1.30735683238 0.249334481985 1.63517488486 1.23387293688
4.705323 1.57373038331 -0.378205473028 2.69805039172 1.30735683238 0.249334481985 1.63517488486 1.23387293688
4.715364 1.57334700624 -0.378588850103 2.69805039172 1.30774020945 0.24895059827 1.63555873877 1.23272209039
4.725303 1.57334700624 -0.378205473028 2.69843400722 1.30735683238 0.250101087124 1.63517488486 1.23348944059
4.735285 1.57258025209 -0.378205473028 2.69881738429 1.30659007823 0.24971797827 1.63555873877 1.23233895174
4.745266 1.57258025209 -0.378205473028 2.69881738429 1.30659007823 0.24971797827 1.63555873877 1.23233895174
4.755256 1.57258025209 -0.378205473028 2.69881738429 1.30659007823 0.24971797827 1.63555873877 1.23233895174
4.765293 1.57296362916 -0.377821857534 2.69766701465 1.30735683238 0.24895059827 1.63440813071 1.23233895174
4.775301 1.57258025209 -0.377438480459 2.69920099979 1.30774020945 0.24895059827 1.63440813071 1.23348944059
4.785230 1.57258025209 -0.377438480459 2.69920099979 1.30774020945 0.24895059827 1.63440813071 1.23348944059
4.795262 1.57258025209 -0.377438480459 2.69920099979 1.30774020945 0.24895059827 1.63440813071 1.23348944059
4.805228 1.57258025209 -0.377438480459 2.69920099979 1.30774020945 0.24895059827 1.63440813071 1.23348944059
4.815217 1.57296362916 -0.377821857534 2.69766701465 1.30735683238 0.250101087124 1.63594211584 1.23348944059
4.825208 1.57258025209 -0.377438480459 2.69805039172 1.30620670115 0.250101087124 1.63479150778 1.23348944059
4.835223 1.57258025209 -0.377438480459 2.69805039172 1.30620670115 0.250101087124 1.63479150778 1.23348944059
4.845219 1.57258025209 -0.377438480459 2.69805039172 1.30620670115 0.250101087124 1.63479150778 1.23348944059
4.855216 1.57258025209 -0.377438480459 2.69805039172 1.30620670115 0.250101087124 1.63479150778 1.23348944059
4.865205 1.57411423723 -0.378588850103 2.69805039172 1.3069734553 0.249334481985 1.63517488486 1.23310594431
4.875247 1.57334700624 -0.377438480459 2.69690002208 1.30659007823 0.250484583408 1.63479150778 1.23310594431
4.885257 1.57296362916 -0.377438480459 2.69766701465 1.30659007823 0.249334481985 1.63479150778 1.23310594431
4.895256 1.57296362916 -0.377438480459 2.69766701465 1.30659007823 0.249334481985 1.63479150778 1.23310594431
4.905336 1.57219639818 -0.377438480459 2.69728339915 1.30774020945 0.250101087124 1.63555873877 1.23272209039
4.915252 1.57296362916 -0.377821857534 2.69728339915 1.30659007823 0.250101087124 1.63670887 1.23387293688
4.925256 1.57296362916 -0.377438480459 2.69843400722 1.30774020945 0.24895059827 1.63594211584 1.23310594431
4.935228 1.57296362916 -0.378972227178 2.69766701465 1.30659007823 0.249334481985 1.63632549292 1.23310594431
4.945217 1.57296362916 -0.378972227178 2.69766701465 1.30659007823 0.249334481985 1.63632549292 1.23310594431
4.955217 1.57296362916 -0.378972227178 2.69766701465 1.30659007823 0.249334481985 1.63632549292 1.23310594431
4.965209 1.57258025209 -0.378205473028 2.69920099979 1.30735683238 0.24895059827 1.63517488486 1.23272209039
4.975223 1.57296362916 -0.377821857534 2.69805039172 1.3069734553 0.24895059827 1.63555873877 1.23272209039
4.985214 1.57296362916 -0.377821857534 2.69805039172 1.3069734553 0.24895059827 1.63555873877 1.23272209039
4.995193 1.57296362916 -0.377821857534 2.69805039172 1.3069734553 0.24895059827 1.63555873877 1.23272209039
5.005218 1.57296362916 -0.377821857534 2.69805039172 1.3069734553 0.24895059827 1.63555873877 1.23272209039
5.015209 1.57411423723 -0.377438480459 2.69766701465 1.3069734553 0.24895059827 1.63517488486 1.23310594431
5.025219 1.57219639818 -0.377054864965 2.69996799236 1.30659007823 0.24971797827 1.63555873877 1.23272209039
5.035211 1.57219639818 -0.377054864965 2.69996799236 1.30659007823 0.24971797827 1.63555873877 1.23272209039
5.045209 1.57219639818 -0.377054864965 2.69996799236 1.30659007823 0.24971797827 1.63555873877 1.23272209039
5.055208 1.57219639818 -0.377054864965 2.69996799236 1.30659007823 0.24971797827 1.63555873877 1.23272209039
5.065209 1.57219639818 -0.378205473028 2.69728339915 1.3069734553 0.249334481985 1.63555873877 1.23348944059
5.075209 1.57296362916 -0.378588850103 2.69690002208 1.30735683238 0.249334481985 1.63555873877 1.23387293688
5.085209 1.57411423723 -0.377821857534 2.69728339915 1.30774020945 0.24895059827 1.63555873877 1.23272209039
5.095192 1.57411423723 -0.377821857534 2.69728339915 1.30774020945 0.24895059827 1.63555873877 1.23272209039
5.105202 1.57219639818 -0.378205473028 2.69805039172 1.3069734553 0.24971797827 1.63479150778 1.23310594431
5.115263 1.57373038331 -0.377054864965 2.69766701465 1.3069734553 0.250484583408 1.63555873877 1.23233895174
5.125210 1.57373038331 -0.377054864965 2.69766701465 1.3069734553 0.250484583408 1.63555873877 1.23233895174
5.135219 1.57334700624 -0.377438480459 2.69766701465 1.30735683238 0.24895059827 1.63555873877 1.23233895174
5.145210 1.57334700624 -0.377438480459 2.69766701465 1.30735683238 0.24895059827 1.63555873877 1.23233895174
5.155209 1.57334700624 -0.377438480459 2.69766701465 1.30735683238 0.24895059827 1.63555873877 1.23233895174
5.165181 1.57219639818 -0.377438480459 2.69881738429 1.30659007823 0.250101087124 1.63479150778 1.23233895174
5.175213 1.57373038331 -0.37667148789 2.69843400722 1.30659007823 0.24971797827 1.63517488486 1.23272209039
5.185209 1.57373038331 -0.37667148789 2.69843400722 1.30659007823 0.24971797827 1.63517488486 1.23272209039
5.195208 1.57373038331 -0.37667148789 2.69843400722 1.30659007823 0.24971797827 1.63517488486 1.23272209039
5.205211 1.57373038331 -0.37667148789 2.69843400722 1.30659007823 0.24971797827 1.63517488486 1.23272209039
5.215206 1.57219639818 -0.377054864965 2.69805039172 1.30620670115 0.248183993132 1.63517488486 1.23310594431
5.225197 1.57373038331 -0.378588850103 2.69881738429 1.30735683238 0.24895059827 1.63517488486 1.23233895174
5.235187 1.57334700624 -0.377054864965 2.69843400722 1.30659007823 0.24895059827 1.63594211584 1.23272209039
5.245210 1.57334700624 -0.377054864965 2.69843400722 1.30659007823 0.24895059827 1.63594211584 1.23272209039
5.255180 1.57334700624 -0.377054864965 2.69843400722 1.30659007823 0.24895059827 1.63594211584 1.23272209039
5.265213 1.57258025209 -0.377054864965 2.69881738429 1.3069734553 0.249334481985 1.63555873877 1.23233895174
5.275209 1.57334700624 -0.377054864965 2.69881738429 1.3069734553 0.249334481985 1.63594211584 1.23310594431
5.285209 1.57334700624 -0.377438480459 2.69766701465 1.30812358653 0.250101087124 1.63555873877 1.23310594431
5.295200 1.57334700624 -0.377438480459 2.69766701465 1.30812358653 0.250101087124 1.63555873877 1.23310594431
5.305239 1.57258025209 -0.379355842672 2.69805039172 1.30659007823 0.24895059827 1.63555873877 1.23348944059
5.315206 1.5718130211 -0.377054864965 2.69843400722 1.30659007823 0.24895059827 1.63479150778 1.23310594431
5.325202 1.57258025209 -0.377438480459 2.69728339915 1.30659007823 0.24971797827 1.63479150778 1.23425607553
5.335208 1.57334700624 -0.378205473028 2.69843400722 1.30850744044 0.250101087124 1.63517488486 1.23310594431
5.345206 1.57334700624 -0.378205473028 2.69843400722 1.30850744044 0.250101087124 1.63517488486 1.23310594431
5.355205 1.57334700624 -0.378205473028 2.69843400722 1.30850744044 0.250101087124 1.63517488486 1.23310594431
5.365214 1.57296362916 -0.377438480459 2.69766701465 1.30774020945 0.24895059827 1.63594211584 1.23195545545
5.375232 1.57296362916 -0.375904495321 2.69728339915 1.30774020945 0.24971797827 1.63517488486 1.23272209039
5.385191 1.57296362916 -0.375904495321 2.69728339915 1.30774020945 0.24971797827 1.63517488486 1.23272209039
5.395181 1.57296362916 -0.375904495321 2.69728339915 1.30774020945 0.24971797827 1.63517488486 1.23272209039
5.405165 1.57296362916 -0.375904495321 2.69728339915 1.30774020945 0.24971797827 1.63517488486 1.23272209039
5.415226 1.57296362916 -0.377438480459 2.69805039172 1.3069734553 0.24971797827 1.63517488486 1.23348944059
5.425200 1.57373038331 -0.376287872396 2.69766701465 1.3069734553 0.24895059827 1.63517488486 1.23310594431
5.435205 1.57373038331 -0.376287872396 2.69766701465 1.3069734553 0.24895059827 1.63517488486 1.23310594431
5.445210 1.57373038331 -0.376287872396 2.69766701465 1.3069734553 0.24895059827 1.63517488486 1.23310594431
5.455205 1.57373038331 -0.376287872396 2.69766701465 1.3069734553 0.24895059827 1.63517488486 1.23310594431
5.465200 1.57296362916 -0.377438480459 2.69843400722 1.3069734553 0.249334481985 1.63517488486 1.23233895174
5.475220 1.57334700624 -0.377438480459 2.69920099979 1.3069734553 0.24895059827 1.63440813071 1.23233895174
5.485235 1.57373038331 -0.377438480459 2.69728339915 1.3069734553 0.250101087124 1.63517488486 1.23272209039
5.495219 1.57373038331 -0.377438480459 2.69728339915 1.3069734553 0.250101087124 1.63517488486 1.23272209039
