0.068705 1.53806534807 -0.370151931844 2.70188535457 1.32921600139 0.253552553684 1.62175287253 1.22927098146
0.068764 1.53806534807 -0.370151931844 2.70188535457 1.32921600139 0.253552553684 1.62175287253 1.22927098146
0.078827 1.53806534807 -0.370151931844 2.70188535457 1.32921600139 0.253552553684 1.62175287253 1.22927098146
0.088845 1.53806534807 -0.369384939275 2.70226897006 1.32883262431 0.252402452261 1.62251962668 1.22927098146
0.098855 1.53691521684 -0.370535547338 2.70341933971 1.32921600139 0.252785948545 1.62251962668 1.22850398889
0.108987 1.53768197099 -0.368617946706 2.70226897006 1.32921600139 0.252018568546 1.62251962668 1.22888748518
0.118820 1.53806534807 -0.370151931844 2.70111883884 1.32883262431 0.252402452261 1.62251962668 1.22927098146
0.128815 1.53768197099 -0.370535547338 2.70226897006 1.32806587016 0.253552553684 1.62175287253 1.22888748518
0.138816 1.53844872514 -0.369384939275 2.70226897006 1.32959937846 0.252402452261 1.6221362496 1.23003797403
0.148848 1.53844872514 -0.369384939275 2.70226897006 1.32959937846 0.252402452261 1.6221362496 1.23003797403
0.158848 1.53806534807 -0.370918924413 2.70226897006 1.32883262431 0.251251963408 1.62251962668 1.22850398889
0.168817 1.53806534807 -0.369768554769 2.7038029552 1.32921600139 0.252018568546 1.6221362496 1.22812013498
0.178846 1.53806534807 -0.370918924413 2.70226897006 1.32921600139 0.252785948545 1.62251962668 1.22888748518
0.188817 1.53844872514 -0.370535547338 2.70303596263 1.32959937846 0.251635072262 1.62443698889 1.22812013498
0.198816 1.53768197099 -0.369384939275 2.70188535457 1.32806587016 0.252402452261 1.62251962668 1.22850398889
0.208832 1.53768197099 -0.369384939275 2.70188535457 1.32806587016 0.252402452261 1.62251962668 1.22850398889
0.218817 1.53729859392 -0.370535547338 2.70188535457 1.32806587016 0.2531690574 1.6221362496 1.22850398889
0.228849 1.53844872514 -0.370151931844 2.70456994777 1.32806587016 0.252785948545 1.62328685767 1.22927098146
0.238842 1.53768197099 -0.3690015622 2.70150197749 1.32921600139 0.2531690574 1.62175287253 1.22888748518
0.248853 1.53806534807 -0.3690015622 2.70303596263 1.32921600139 0.252402452261 1.6221362496 1.22927098146
0.258851 1.53844872514 -0.371302539907 2.70265282397 1.32883262431 0.252785948545 1.62098564154 1.22965412012
0.268818 1.53806534807 -0.369384939275 2.70265282397 1.32768249308 0.252018568546 1.62251962668 1.22888748518
0.278868 1.53806534807 -0.369384939275 2.70265282397 1.32768249308 0.252018568546 1.62251962668 1.22888748518
0.288835 1.53768197099 -0.369768554769 2.70341933971 1.32921600139 0.253552553684 1.6221362496 1.22965412012
0.298848 1.53844872514 -0.370151931844 2.7038029552 1.32883262431 0.252785948545 1.62136949545 1.22927098146
0.308833 1.53729859392 -0.370151931844 2.70265282397 1.32844924724 0.253552553684 1.62175287253 1.22927098146
0.318850 1.53806534807 -0.369384939275 2.70265282397 1.32883262431 0.252018568546 1.62098564154 1.22927098146
0.328853 1.53806534807 -0.370535547338 2.70303596263 1.32806587016 0.2531690574 1.62328685767 1.22927098146
0.338846 1.53691521684 -0.370535547338 2.70303596263 1.32921600139 0.251635072262 1.6221362496 1.22888748518
0.348849 1.53691521684 -0.370535547338 2.70303596263 1.32921600139 0.251635072262 1.6221362496 1.22888748518
0.358829 1.53806534807 -0.370918924413 2.70226897006 1.32844924724 0.252785948545 1.62290348059 1.23042147032
0.368847 1.53844872514 -0.369384939275 2.70341933971 1.32959937846 0.252402452261 1.62251962668 1.22888748518
0.378845 1.53883257905 -0.370535547338 2.70265282397 1.32844924724 0.252785948545 1.62367023474 1.22850398889
0.388848 1.53806534807 -0.369768554769 2.70265282397 1.32844924724 0.252785948545 1.62136949545 1.22965412012
0.398848 1.53729859392 -0.371302539907 2.70226897006 1.32844924724 0.252785948545 1.62251962668 1.22850398889
0.408823 1.53768197099 -0.370535547338 2.70303596263 1.32883262431 0.252785948545 1.62060226447 1.22850398889
0.418848 1.53768197099 -0.370535547338 2.70303596263 1.32883262431 0.252785948545 1.62060226447 1.22850398889
0.428849 1.53883257905 -0.3690015622 2.70188535457 1.32806587016 0.252402452261 1.62175287253 1.22927098146
0.438836 1.53729859392 -0.370535547338 2.70188535457 1.32921600139 0.252018568546 1.6221362496 1.22965412012
0.448848 1.53806534807 -0.370151931844 2.70303596263 1.32883262431 0.252402452261 1.6221362496 1.22812013498
0.458847 1.53883257905 -0.370535547338 2.7038029552 1.32921600139 0.2531690574 1.6221362496 1.22888748518
0.468843 1.53729859392 -0.367850954137 2.70265282397 1.32844924724 0.2531690574 1.62251962668 1.22927098146
0.478848 1.53729859392 -0.367850954137 2.70265282397 1.32844924724 0.2531690574 1.62251962668 1.22927098146
0.488848 1.53806534807 -0.370151931844 2.70265282397 1.32844924724 0.2531690574 1.6221362496 1.22965412012
0.498847 1.53844872514 -0.370918924413 2.70265282397 1.32844924724 0.253552553684 1.62175287253 1.22888748518
0.508848 1.53729859392 -0.370918924413 2.70341933971 1.32883262431 0.253936437399 1.62290348059 1.22927098146
0.518849 1.53806534807 -0.370535547338 2.70341933971 1.32921600139 0.252785948545 1.62290348059 1.22850398889
0.528849 1.53806534807 -0.368617946706 2.70265282397 1.32768249308 0.252402452261 1.6221362496 1.22850398889
0.538835 1.53806534807 -0.369768554769 2.70418680911 1.32921600139 0.252402452261 1.6221362496 1.22927098146
0.548848 1.53806534807 -0.369768554769 2.70418680911 1.32921600139 0.252402452261 1.6221362496 1.22927098146
0.558848 1.53768197099 -0.370535547338 2.70265282397 1.32921600139 0.252785948545 1.6221362496 1.22965412012
0.568849 1.53768197099 -0.3690015622 2.70303596263 1.32921600139 0.252402452261 1.62251962668 1.22927098146
0.578844 1.53806534807 -0.370535547338 2.7038029552 1.32883262431 0.252785948545 1.62251962668 1.22888748518
0.588846 1.53768197099 -0.369768554769 2.70341933971 1.32768249308 0.2531690574 1.62328685767 1.22888748518
0.598848 1.53806534807 -0.370151931844 2.70303596263 1.32883262431 0.252402452261 1.62367023474 1.22927098146
0.608843 1.53768197099 -0.369384939275 2.70188535457 1.32883262431 0.252018568546 1.62175287253 1.22850398889
0.618849 1.53768197099 -0.369384939275 2.70188535457 1.32883262431 0.252018568546 1.62175287253 1.22850398889
0.628849 1.53729859392 -0.369384939275 2.70226897006 1.32959937846 0.252402452261 1.62367023474 1.23003797403
0.638848 1.53806534807 -0.370151931844 2.70226897006 1.32883262431 0.252785948545 1.6221362496 1.22888748518
0.648850 1.53768197099 -0.370151931844 2.70303596263 1.32806587016 0.252402452261 1.62136949545 1.22927098146
0.658847 1.53768197099 -0.3690015622 2.70226897006 1.32768249308 0.252785948545 1.62021888739 1.23042147032
0.668849 1.53729859392 -0.370535547338 2.70341933971 1.32921600139 0.251635072262 1.62136949545 1.22927098146
0.678851 1.53729859392 -0.370535547338 2.70341933971 1.32921600139 0.251635072262 1.62136949545 1.22927098146
0.688822 1.53844872514 -0.369768554769 2.70226897006 1.32921600139 0.252018568546 1.62251962668 1.22927098146
0.698848 1.53844872514 -0.370535547338 2.70226897006 1.32959937846 0.252402452261 1.6221362496 1.22965412012
0.708844 1.53883257905 -0.369384939275 2.70341933971 1.32883262431 0.2531690574 1.62251962668 1.22965412012
0.718848 1.53806534807 -0.371302539907 2.70265282397 1.32883262431 0.252402452261 1.62251962668 1.22965412012
0.728848 1.53806534807 -0.368617946706 2.70226897006 1.32883262431 0.252402452261 1.6221362496 1.22888748518
0.738834 1.53806534807 -0.369768554769 2.70188535457 1.32921600139 0.252018568546 1.6221362496 1.23003797403
0.748849 1.53806534807 -0.369768554769 2.70188535457 1.32921600139 0.252018568546 1.6221362496 1.23003797403
0.758848 1.53806534807 -0.370918924413 2.70303596263 1.32883262431 0.252018568546 1.6221362496 1.22888748518
0.768849 1.53844872514 -0.370918924413 2.70226897006 1.32844924724 0.252402452261 1.6221362496 1.23042147032
0.778848 1.53768197099 -0.370918924413 2.70226897006 1.32921600139 0.2531690574 1.62175287253 1.22888748518
0.788845 1.53883257905 -0.370151931844 2.70341933971 1.32959937846 0.2531690574 1.62136949545 1.22888748518
0.798854 1.53883257905 -0.370535547338 2.70341933971 1.32844924724 0.253552553684 1.62251962668 1.22927098146
0.808818 1.53844872514 -0.369768554769 2.70265282397 1.32844924724 0.252018568546 1.62251962668 1.23003797403
0.818852 1.53844872514 -0.369768554769 2.70265282397 1.32844924724 0.252018568546 1.62251962668 1.23003797403
0.828849 1.53729859392 -0.370918924413 2.70265282397 1.32883262431 0.252018568546 1.6221362496 1.22888748518
0.838856 1.53844872514 -0.369768554769 2.70226897006 1.32921600139 0.253936437399 1.62175287253 1.22888748518
0.848846 1.53806534807 -0.369768554769 2.70265282397 1.32806587016 0.252402452261 1.62175287253 1.22927098146
0.858848 1.53844872514 -0.3690015622 2.70265282397 1.32921600139 0.2531690574 1.62290348059 1.22888748518
0.868832 1.53883257905 -0.369384939275 2.70303596263 1.32921600139 0.251635072262 1.62136949545 1.22927098146
0.878842 1.53844872514 -0.371302539907 2.70341933971 1.32883262431 0.2531690574 1.62136949545 1.22965412012
0.888820 1.53844872514 -0.371302539907 2.70341933971 1.32883262431 0.2531690574 1.62136949545 1.22965412012
0.898849 1.53768197099 -0.369384939275 2.70341933971 1.32844924724 0.252402452261 1.6221362496 1.22888748518
0.908850 1.53844872514 -0.370535547338 2.70226897006 1.32883262431 0.2531690574 1.62251962668 1.22850398889
0.918848 1.53806534807 -0.370918924413 2.70188535457 1.32844924724 0.251635072262 1.62175287253 1.22927098146
0.928849 1.53806534807 -0.369768554769 2.70265282397 1.32844924724 0.252018568546 1.62251962668 1.22888748518
0.938817 1.53729859392 -0.369384939275 2.70226897006 1.32806587016 0.252402452261 1.62136949545 1.22888748518
0.948817 1.53883257905 -0.369384939275 2.70341933971 1.32844924724 0.252785948545 1.62175287253 1.23003797403
0.958888 1.53883257905 -0.369384939275 2.70341933971 1.32844924724 0.252785948545 1.62175287253 1.23003797403
0.968838 1.53691521684 -0.370918924413 2.70303596263 1.32883262431 0.2531690574 1.62251962668 1.22965412012
0.978847 1.53844872514 -0.370151931844 2.70188535457 1.32844924724 0.251635072262 1.62136949545 1.22965412012
0.988844 1.53806534807 -0.369768554769 2.70341933971 1.32921600139 0.252785948545 1.6221362496 1.23003797403
0.998839 1.53806534807 -0.370535547338 2.70265282397 1.32844924724 0.252402452261 1.62175287253 1.22965412012
1.008848 1.53883257905 -0.369384939275 2.70226897006 1.32844924724 0.251635072262 1.62136949545 1.22888748518
1.018847 1.53883257905 -0.369384939275 2.70226897006 1.32844924724 0.251635072262 1.62136949545 1.22888748518
1.028848 1.53691521684 -0.3690015622 2.70341933971 1.32844924724 0.252402452261 1.62136949545 1.22965412012
1.038872 1.53921595613 -0.3690015622 2.70188535457 1.32921600139 0.252018568546 1.62251962668 1.22927098146
1.048880 1.53844872514 -0.371685916982 2.70265282397 1.32806587016 0.252785948545 1.6221362496 1.22927098146
1.058881 1.53806534807 -0.369384939275 2.70265282397 1.32844924724 0.252785948545 1.62175287253 1.22927098146
1.068867 1.53883257905 -0.3690015622 2.70226897006 1.32921600139 0.252785948545 1.62098564154 1.22927098146
1.078818 1.53844872514 -0.369768554769 2.70341933971 1.32883262431 0.252785948545 1.6221362496 1.22888748518
1.088845 1.53844872514 -0.369768554769 2.70341933971 1.32883262431 0.252785948545 1.6221362496 1.22888748518
1.098834 1.53806534807 -0.369384939275 2.70303596263 1.32844924724 0.252018568546 1.6221362496 1.23042147032
1.108838 1.53768197099 -0.369768554769 2.70303596263 1.32844924724 0.252402452261 1.62136949545 1.22927098146
1.118849 1.53768197099 -0.369768554769 2.70303596263 1.32844924724 0.252402452261 1.62136949545 1.22927098146
1.128850 1.53844872514 -0.370151931844 2.70341933971 1.32806587016 0.252402452261 1.62175287253 1.22927098146
1.138845 1.53768197099 -0.369768554769 2.70226897006 1.32844924724 0.252402452261 1.62290348059 1.22927098146
1.148820 1.53729859392 -0.370535547338 2.70265282397 1.32729863917 0.252402452261 1.62251962668 1.23003797403
1.158847 1.53729859392 -0.370535547338 2.70265282397 1.32729863917 0.252402452261 1.62251962668 1.23003797403
1.168845 1.53806534807 -0.369768554769 2.70265282397 1.32768249308 0.252402452261 1.62367023474 1.23042147032
1.178848 1.53883257905 -0.369384939275 2.70303596263 1.32576465403 0.252018568546 1.62328685767 1.23157195917
1.188854 1.53768197099 -0.369768554769 2.70265282397 1.32499789988 0.253936437399 1.62443698889 1.23118810526
1.198835 1.53883257905 -0.370535547338 2.70265282397 1.3242306689 0.2531690574 1.62597097403 1.2308049666
1.208821 1.53921595613 -0.369768554769 2.70226897006 1.32154655253 0.252018568546 1.62788881308 1.23157195917
1.218852 1.53806534807 -0.369768554769 2.70265282397 1.32116269862 0.251635072262 1.63057292944 1.23157195917
1.228849 1.53806534807 -0.369768554769 2.70265282397 1.32116269862 0.251635072262 1.63057292944 1.23157195917
1.238844 1.5395993332 -0.368234569631 2.70226897006 1.31771135127 0.251635072262 1.63172353751 1.2308049666
1.248850 1.5395993332 -0.368234569631 2.70226897006 1.31771135127 0.251635072262 1.63172353751 1.2308049666
1.258847 1.53998271028 -0.368234569631 2.70341933971 1.31617736613 0.252018568546 1.63440813071 1.23272209039
1.268847 1.53883257905 -0.368234569631 2.70303596263 1.31387615001 0.251635072262 1.63594211584 1.23348944059
1.278847 1.54036656419 -0.366700584493 2.70188535457 1.31234264171 0.252402452261 1.63785947806 1.23387293688
1.288818 1.53998271028 -0.366316968999 2.70265282397 1.30850744044 0.251251963408 1.64361204153 1.23387293688
1.298847 1.53998271028 -0.366316968999 2.70265282397 1.30850744044 0.251251963408 1.64361204153 1.23387293688
1.308853 1.53998271028 -0.366700584493 2.70341933971 1.30505561625 0.250101087124 1.64629663474 1.23387293688
1.318847 1.53998271028 -0.366700584493 2.70341933971 1.30505561625 0.250101087124 1.64629663474 1.23387293688
1.328847 1.5395993332 -0.365166599355 2.70265282397 1.3027553538 0.250868467123 1.64821399695 1.23502342573
1.338871 1.54036656419 -0.365933591924 2.70226897006 1.29968738353 0.24971797827 1.65128196722 1.23694090715
1.348856 1.54113331834 -0.366700584493 2.7038029552 1.2973861674 0.250101087124 1.65473331458 1.23579006067
1.358848 1.54113331834 -0.366316968999 2.70341933971 1.29316758906 0.24895059827 1.65895189291 1.238091396
1.368847 1.54190054933 -0.365166599355 2.70226897006 1.28971624171 0.24895059827 1.66163648611 1.23924188486
1.378848 1.54190054933 -0.365166599355 2.70226897006 1.28971624171 0.24895059827 1.66163648611 1.23924188486
1.388850 1.54190054933 -0.364399606786 2.70265282397 1.28664827144 0.24895059827 1.66547121054 1.238091396
1.398865 1.54228392641 -0.363632614217 2.70265282397 1.28434753215 0.24971797827 1.66738857275 1.23924188486
1.408847 1.54266730348 -0.363248998724 2.70226897006 1.28127956187 0.248567101986 1.67122377402 1.24077587
1.418849 1.54228392641 -0.364015991293 2.7038029552 1.27782773768 0.249334481985 1.67429174429 1.24000887743
1.428835 1.54228392641 -0.364015991293 2.7038029552 1.27782773768 0.249334481985 1.67429174429 1.24000887743
1.438846 1.54266730348 -0.364015991293 2.70226897006 1.27207565104 0.247416642935 1.68081106192 1.24269335142
1.448870 1.54228392641 -0.362482006155 2.7038029552 1.26785659587 0.24703314665 1.68464578635 1.24269335142
1.458870 1.54381791154 -0.363248998724 2.70265282397 1.26478862559 0.24703314665 1.68963159567 1.24345998636
1.468863 1.54343453447 -0.363248998724 2.70188535457 1.26172113215 0.246266511709 1.69116558081 1.2449939715
1.478869 1.54343453447 -0.363248998724 2.70188535457 1.26172113215 0.246266511709 1.69116558081 1.2449939715
1.488849 1.54458466569 -0.361715013586 2.70265282397 1.25366782939 0.245499161512 1.70113624579 1.24537782541
1.498847 1.54420128862 -0.359797651372 2.70188535457 1.24676465785 0.245882657797 1.7084227944 1.24729530683
1.508847 1.54535189668 -0.360564643941 2.70150197749 1.24139594828 0.245882657797 1.71225751883 1.24806194177
1.518847 1.54535189668 -0.360564643941 2.70150197749 1.24139594828 0.245882657797 1.71225751883 1.24806194177
1.528840 1.54535189668 -0.360564643941 2.70150197749 1.24139594828 0.245882657797 1.71225751883 1.24806194177
1.538821 1.54535189668 -0.360564643941 2.70150197749 1.24139594828 0.245882657797 1.71225751883 1.24806194177
1.548848 1.54650250474 -0.35864704331 2.70226897006 1.22797345912 0.24358206752 1.725680008 1.25112979284
1.558837 1.54688588182 -0.35864704331 2.69996799236 1.21876954829 0.24358206752 1.73565067297 1.25381474367
1.568851 1.54688588182 -0.35864704331 2.69996799236 1.21876954829 0.24358206752 1.73565067297 1.25381474367
1.578847 1.54688588182 -0.35864704331 2.69996799236 1.21876954829 0.24358206752 1.73565067297 1.25381474367
1.588853 1.54688588182 -0.35864704331 2.69996799236 1.21876954829 0.24358206752 1.73565067297 1.25381474367
1.598848 1.54841986696 -0.357113058172 2.69996799236 1.2057304362 0.242431191236 1.74868978506 1.25649909845
1.608844 1.54995385209 -0.358263666235 2.69881738429 1.20036172664 0.241664586098 1.75405849463 1.25841657987
1.618816 1.54918662111 -0.357880050741 2.69881738429 1.19422578608 0.242431191236 1.75866045004 1.25879971853
1.628838 1.54918662111 -0.357880050741 2.69881738429 1.19422578608 0.242431191236 1.75866045004 1.25879971853
1.638848 1.55110446016 -0.356729681097 2.69920099979 1.18502187526 0.242431191236 1.76824773795 1.26071719995
1.648855 1.55187121431 -0.357880050741 2.70035136943 1.17428397929 0.241280702383 1.77783550269 1.26340167394
1.658867 1.55187121431 -0.357880050741 2.70035136943 1.17428397929 0.241280702383 1.77783550269 1.26340167394
1.668849 1.55302182237 -0.357880050741 2.69920099979 1.1692986468 0.240514097244 1.78167022711 1.26493565908
1.678855 1.55302182237 -0.357880050741 2.69920099979 1.1692986468 0.240514097244 1.78167022711 1.26493565908
1.688931 1.55340519945 -0.356729681097 2.69996799236 1.1597113589 0.238980112106 1.79087413794 1.26646964422
1.698863 1.55532256166 -0.358263666235 2.69805039172 1.15089082515 0.238980112106 1.80084480292 1.2695376145
1.708933 1.55455580751 -0.356346065603 2.69881738429 1.14513873851 0.239363220961 1.80314601904 1.27068846098
1.718867 1.55455580751 -0.356346065603 2.69881738429 1.14513873851 0.239363220961 1.80314601904 1.27068846098
1.728879 1.55455580751 -0.356346065603 2.69881738429 1.14513873851 0.239363220961 1.80314601904 1.27068846098
1.738869 1.55455580751 -0.356346065603 2.69881738429 1.14513873851 0.239363220961 1.80314601904 1.27068846098
1.748863 1.55724040071 -0.357880050741 2.69920099979 1.12979888713 0.238596615822 1.81733526236 1.27298908106
1.758838 1.55608979265 -0.357113058172 2.6995848537 1.12404632365 0.24013060096 1.82270444876 1.27490692011
1.768840 1.55724040071 -0.357496673666 2.69996799236 1.12021159922 0.238596615822 1.82768978125 1.27567391268
1.778866 1.55724040071 -0.357496673666 2.69996799236 1.12021159922 0.238596615822 1.82768978125 1.27567391268
1.788870 1.55877438585 -0.35864704331 2.69996799236 1.1083230952 0.238596615822 1.8338257218 1.27797489038
1.798871 1.55992451707 -0.357496673666 2.69805039172 1.10448789393 0.238596615822 1.83919443137 1.2798923718
1.808867 1.56030837099 -0.359030658804 2.69920099979 1.09950256144 0.239363220961 1.84302963263 1.2798923718
1.818885 1.56069174806 -0.359030658804 2.69881738429 1.09451675212 0.238596615822 1.84763158804 1.28104286066
1.828863 1.56069174806 -0.359030658804 2.69881738429 1.09451675212 0.238596615822 1.84763158804 1.28104286066
1.838859 1.56069174806 -0.359030658804 2.69881738429 1.09451675212 0.238596615822 1.84763158804 1.28104286066
1.848851 1.5622257332 -0.361715013586 2.69920099979 1.07419204509 0.238596615822 1.86488880164 1.28526096216
1.858819 1.5622257332 -0.361715013586 2.69920099979 1.07419204509 0.238596615822 1.86488880164 1.28526096216
1.868848 1.56299248735 -0.360564643941 2.69881738429 1.06920623576 0.238212732107 1.86987413412 1.28564481607
1.878859 1.56299248735 -0.360564643941 2.69881738429 1.06920623576 0.238212732107 1.86987413412 1.28564481607
1.888857 1.56299248735 -0.360564643941 2.69881738429 1.06920623576 0.238212732107 1.86987413412 1.28564481607
1.898846 1.56452647249 -0.362865621648 2.69881738429 1.05540084636 0.238596615822 1.88329662329 1.28947977892
1.908846 1.56606045762 -0.362865621648 2.69996799236 1.04964828288 0.237829265625 1.88598073965 1.28986291757
1.918825 1.56567708055 -0.362098629079 2.6995848537 1.04427909648 0.238212732107 1.89134992606 1.29331474176
1.928845 1.56567708055 -0.362098629079 2.6995848537 1.04427909648 0.238212732107 1.89134992606 1.29331474176
1.938851 1.56567708055 -0.362098629079 2.6995848537 1.04427909648 0.238212732107 1.89134992606 1.29331474176
1.948851 1.56836167375 -0.36554997643 2.69996799236 1.03008985316 0.237829265625 1.90362180716 1.29753272405
1.958821 1.56874505083 -0.365933591924 2.6995848537 1.02433776652 0.238212732107 1.90822376257 1.29753272405
1.968849 1.5691284279 -0.365933591924 2.69843400722 1.01896858012 0.238596615822 1.912058487 1.29868357053
1.978850 1.5691284279 -0.365933591924 2.69843400722 1.01896858012 0.238596615822 1.912058487 1.29868357053
1.988830 1.57066241304 -0.367850954137 2.69920099979 1.00899791514 0.238596615822 1.92126239783 1.30098419061
1.998818 1.5718130211 -0.3690015622 2.69996799236 0.999794004315 0.237829265625 1.92854894644 1.30175154081
2.008848 1.5718130211 -0.3690015622 2.69996799236 0.999794004315 0.237829265625 1.92854894644 1.30175154081
2.018850 1.57258025209 -0.369384939275 2.69881738429 0.993274686688 0.237062630684 1.93353427893 1.30366866461
2.028848 1.57258025209 -0.369384939275 2.69881738429 0.993274686688 0.237062630684 1.93353427893 1.30366866461
2.038849 1.57258025209 -0.369384939275 2.69881738429 0.993274686688 0.237062630684 1.93353427893 1.30366866461
2.048848 1.57564822236 -0.372452909551 2.69881738429 0.979851720685 0.237829265625 1.94542278296 1.30750398508
2.058843 1.57564822236 -0.372452909551 2.69881738429 0.979851720685 0.237829265625 1.94542278296 1.30750398508
2.068848 1.57564822236 -0.372452909551 2.69881738429 0.979851720685 0.237829265625 1.94542278296 1.30750398508
2.078849 1.57564822236 -0.372452909551 2.69881738429 0.979851720685 0.237829265625 1.94542278296 1.30750398508
2.088834 1.57564822236 -0.372452909551 2.69881738429 0.979851720685 0.237829265625 1.94542278296 1.30750398508
2.098858 1.57564822236 -0.372452909551 2.69881738429 0.979851720685 0.237829265625 1.94542278296 1.30750398508
2.108848 1.57564822236 -0.372452909551 2.69881738429 0.979851720685 0.237829265625 1.94542278296 1.30750398508
2.118858 1.57564822236 -0.372452909551 2.69881738429 0.979851720685 0.237829265625 1.94542278296 1.30750398508
2.128846 1.57564822236 -0.372452909551 2.69881738429 0.979851720685 0.237829265625 1.94542278296 1.30750398508
2.138846 1.57564822236 -0.372452909551 2.69881738429 0.979851720685 0.237829265625 1.94542278296 1.30750398508
2.148847 1.57564822236 -0.372452909551 2.69881738429 0.979851720685 0.237829265625 1.94542278296 1.30750398508
2.158823 1.57564822236 -0.372452909551 2.69881738429 0.979851720685 0.237829265625 1.94542278296 1.30750398508
2.168848 1.57564822236 -0.372452909551 2.69881738429 0.979851720685 0.237829265625 1.94542278296 1.30750398508
2.178851 1.57564822236 -0.372452909551 2.69881738429 0.979851720685 0.237829265625 1.94542278296 1.30750398508
2.188820 1.57564822236 -0.372452909551 2.69881738429 0.979851720685 0.237829265625 1.94542278296 1.30750398508
2.198849 1.57564822236 -0.372452909551 2.69881738429 0.979851720685 0.237829265625 1.94542278296 1.30750398508
2.208847 1.57564822236 -0.372452909551 2.69881738429 0.979851720685 0.237829265625 1.94542278296 1.30750398508
2.218847 1.57564822236 -0.372452909551 2.69881738429 0.979851720685 0.237829265625 1.94542278296 1.30750398508
2.228848 1.57564822236 -0.372452909551 2.69881738429 0.979851720685 0.237829265625 1.94542278296 1.30750398508
2.238846 1.57564822236 -0.372452909551 2.69881738429 0.979851720685 0.237829265625 1.94542278296 1.30750398508
2.248844 1.57564822236 -0.372452909551 2.69881738429 0.979851720685 0.237829265625 1.94542278296 1.30750398508
2.258848 1.57564822236 -0.372452909551 2.69881738429 0.979851720685 0.237829265625 1.94542278296 1.30750398508
2.268847 1.57564822236 -0.372452909551 2.69881738429 0.979851720685 0.237829265625 1.94542278296 1.30750398508
2.278871 1.57564822236 -0.372452909551 2.69881738429 0.979851720685 0.237829265625 1.94542278296 1.30750398508
2.288873 1.57564822236 -0.372452909551 2.69881738429 0.979851720685 0.237829265625 1.94542278296 1.30750398508
2.298847 1.57564822236 -0.372452909551 2.69881738429 0.979851720685 0.237829265625 1.94542278296 1.30750398508
2.308850 1.57564822236 -0.372452909551 2.69881738429 0.979851720685 0.237829265625 1.94542278296 1.30750398508
2.318847 1.57564822236 -0.372452909551 2.69881738429 0.979851720685 0.237829265625 1.94542278296 1.30750398508
2.328847 1.57564822236 -0.372452909551 2.69881738429 0.979851720685 0.237829265625 1.94542278296 1.30750398508
2.338845 1.57564822236 -0.372452909551 2.69881738429 0.979851720685 0.237829265625 1.94542278296 1.30750398508
2.348846 1.57564822236 -0.372452909551 2.69881738429 0.979851720685 0.237829265625 1.94542278296 1.30750398508
2.358847 1.57564822236 -0.372452909551 2.69881738429 0.979851720685 0.237829265625 1.94542278296 1.30750398508
2.368848 1.57564822236 -0.372452909551 2.69881738429 0.979851720685 0.237829265625 1.94542278296 1.30750398508
2.378848 1.57564822236 -0.372452909551 2.69881738429 0.979851720685 0.237829265625 1.94542278296 1.30750398508
2.388846 1.57564822236 -0.372452909551 2.69881738429 0.979851720685 0.237829265625 1.94542278296 1.30750398508
2.398846 1.57564822236 -0.372452909551 2.69881738429 0.979851720685 0.237829265625 1.94542278296 1.30750398508
2.408848 1.57564822236 -0.372452909551 2.69881738429 0.979851720685 0.237829265625 1.94542278296 1.30750398508
2.418836 1.57564822236 -0.372452909551 2.69881738429 0.979851720685 0.237829265625 1.94542278296 1.30750398508
2.428869 1.57564822236 -0.372452909551 2.69881738429 0.979851720685 0.237829265625 1.94542278296 1.30750398508
2.438828 1.57564822236 -0.372452909551 2.69881738429 0.979851720685 0.237829265625 1.94542278296 1.30750398508
2.448854 1.57564822236 -0.372452909551 2.69881738429 0.979851720685 0.237829265625 1.94542278296 1.30750398508
2.458849 1.57564822236 -0.372452909551 2.69881738429 0.979851720685 0.237829265625 1.94542278296 1.30750398508
2.468821 1.57564822236 -0.372452909551 2.69881738429 0.979851720685 0.237829265625 1.94542278296 1.30750398508
2.478847 1.57564822236 -0.372452909551 2.69881738429 0.979851720685 0.237829265625 1.94542278296 1.30750398508
2.488844 1.57564822236 -0.372452909551 2.69881738429 0.979851720685 0.237829265625 1.94542278296 1.30750398508
2.498847 1.57564822236 -0.372452909551 2.69881738429 0.979851720685 0.237829265625 1.94542278296 1.30750398508
2.508849 1.57564822236 -0.372452909551 2.69881738429 0.979851720685 0.237829265625 1.94542278296 1.30750398508
2.518845 1.57564822236 -0.372452909551 2.69881738429 0.979851720685 0.237829265625 1.94542278296 1.30750398508
2.528849 1.57564822236 -0.372452909551 2.69881738429 0.979851720685 0.237829265625 1.94542278296 1.30750398508
2.538847 1.57564822236 -0.372452909551 2.69881738429 0.979851720685 0.237829265625 1.94542278296 1.30750398508
2.548849 1.57564822236 -0.372452909551 2.69881738429 0.979851720685 0.237829265625 1.94542278296 1.30750398508
2.558847 1.57564822236 -0.372452909551 2.69881738429 0.979851720685 0.237829265625 1.94542278296 1.30750398508
2.568848 1.57564822236 -0.372452909551 2.69881738429 0.979851720685 0.237829265625 1.94542278296 1.30750398508
2.578848 1.57564822236 -0.372452909551 2.69881738429 0.979851720685 0.237829265625 1.94542278296 1.30750398508
2.588843 1.57564822236 -0.372452909551 2.69881738429 0.979851720685 0.237829265625 1.94542278296 1.30750398508
2.598848 1.57564822236 -0.372452909551 2.69881738429 0.979851720685 0.237829265625 1.94542278296 1.30750398508
2.608849 1.57564822236 -0.372452909551 2.69881738429 0.979851720685 0.237829265625 1.94542278296 1.30750398508
2.618865 1.57564822236 -0.372452909551 2.69881738429 0.979851720685 0.237829265625 1.94542278296 1.30750398508
2.628848 1.57564822236 -0.372452909551 2.69881738429 0.979851720685 0.237829265625 1.94542278296 1.30750398508
2.638847 1.57564822236 -0.372452909551 2.69881738429 0.979851720685 0.237829265625 1.94542278296 1.30750398508
2.648852 1.57564822236 -0.372452909551 2.69881738429 0.979851720685 0.237829265625 1.94542278296 1.30750398508
2.658849 1.57564822236 -0.372452909551 2.69881738429 0.979851720685 0.237829265625 1.94542278296 1.30750398508
2.668848 1.57564822236 -0.372452909551 2.69881738429 0.979851720685 0.237829265625 1.94542278296 1.30750398508
2.678848 1.57564822236 -0.372452909551 2.69881738429 0.979851720685 0.237829265625 1.94542278296 1.30750398508
2.688848 1.57564822236 -0.372452909551 2.69881738429 0.979851720685 0.237829265625 1.94542278296 1.30750398508
2.698848 1.57564822236 -0.372452909551 2.69881738429 0.979851720685 0.237829265625 1.94542278296 1.30750398508
2.708848 1.57564822236 -0.372452909551 2.69881738429 0.979851720685 0.237829265625 1.94542278296 1.30750398508
2.718835 1.57564822236 -0.372452909551 2.69881738429 0.979851720685 0.237829265625 1.94542278296 1.30750398508
2.728849 1.57564822236 -0.372452909551 2.69881738429 0.979851720685 0.237829265625 1.94542278296 1.30750398508
2.738846 1.57564822236 -0.372452909551 2.69881738429 0.979851720685 0.237829265625 1.94542278296 1.30750398508
2.748834 1.57564822236 -0.372452909551 2.69881738429 0.979851720685 0.237829265625 1.94542278296 1.30750398508
2.758859 1.57564822236 -0.372452909551 2.69881738429 0.979851720685 0.237829265625 1.94542278296 1.30750398508
2.768847 1.57564822236 -0.372452909551 2.69881738429 0.979851720685 0.237829265625 1.94542278296 1.30750398508
2.778836 1.57564822236 -0.372452909551 2.69881738429 0.979851720685 0.237829265625 1.94542278296 1.30750398508
2.788847 1.57564822236 -0.372452909551 2.69881738429 0.979851720685 0.237829265625 1.94542278296 1.30750398508
2.798848 1.57564822236 -0.372452909551 2.69881738429 0.979851720685 0.237829265625 1.94542278296 1.30750398508
2.808847 1.57564822236 -0.372452909551 2.69881738429 0.979851720685 0.237829265625 1.94542278296 1.30750398508
2.818821 1.57564822236 -0.372452909551 2.69881738429 0.979851720685 0.237829265625 1.94542278296 1.30750398508
2.828848 1.57564822236 -0.372452909551 2.69881738429 0.979851720685 0.237829265625 1.94542278296 1.30750398508
2.838847 1.57564822236 -0.372452909551 2.69881738429 0.979851720685 0.237829265625 1.94542278296 1.30750398508
2.848819 1.57564822236 -0.372452909551 2.69881738429 0.979851720685 0.237829265625 1.94542278296 1.30750398508
2.858848 1.57564822236 -0.372452909551 2.69881738429 0.979851720685 0.237829265625 1.94542278296 1.30750398508
2.868849 1.57564822236 -0.372452909551 2.69881738429 0.979851720685 0.237829265625 1.94542278296 1.30750398508
2.878846 1.57564822236 -0.372452909551 2.69881738429 0.979851720685 0.237829265625 1.94542278296 1.30750398508
2.888848 1.57564822236 -0.372452909551 2.69881738429 0.979851720685 0.237829265625 1.94542278296 1.30750398508
2.898843 1.57564822236 -0.372452909551 2.69881738429 0.979851720685 0.237829265625 1.94542278296 1.30750398508
2.908848 1.57564822236 -0.372452909551 2.69881738429 0.979851720685 0.237829265625 1.94542278296 1.30750398508
2.918848 1.57564822236 -0.372452909551 2.69881738429 0.979851720685 0.237829265625 1.94542278296 1.30750398508
2.928848 1.57564822236 -0.372452909551 2.69881738429 0.979851720685 0.237829265625 1.94542278296 1.30750398508
2.938847 1.57564822236 -0.372452909551 2.69881738429 0.979851720685 0.237829265625 1.94542278296 1.30750398508
2.948847 1.57564822236 -0.372452909551 2.69881738429 0.979851720685 0.237829265625 1.94542278296 1.30750398508
2.958847 1.57564822236 -0.372452909551 2.69881738429 0.979851720685 0.237829265625 1.94542278296 1.30750398508
2.968849 1.57564822236 -0.372452909551 2.69881738429 0.979851720685 0.237829265625 1.94542278296 1.30750398508
2.978847 1.57564822236 -0.372452909551 2.69881738429 0.979851720685 0.237829265625 1.94542278296 1.30750398508
2.988846 1.57564822236 -0.372452909551 2.69881738429 0.979851720685 0.237829265625 1.94542278296 1.30750398508
2.998852 1.57564822236 -0.372452909551 2.69881738429 0.979851720685 0.237829265625 1.94542278296 1.30750398508
3.008849 1.57564822236 -0.372452909551 2.69881738429 0.979851720685 0.237829265625 1.94542278296 1.30750398508
3.018845 1.57564822236 -0.372452909551 2.69881738429 0.979851720685 0.237829265625 1.94542278296 1.30750398508
3.028844 1.57564822236 -0.372452909551 2.69881738429 0.979851720685 0.237829265625 1.94542278296 1.30750398508
3.038843 1.57564822236 -0.372452909551 2.69881738429 0.979851720685 0.237829265625 1.94542278296 1.30750398508
3.048850 1.57564822236 -0.372452909551 2.69881738429 0.979851720685 0.237829265625 1.94542278296 1.30750398508
3.058870 1.57564822236 -0.372452909551 2.69881738429 0.979851720685 0.237829265625 1.94542278296 1.30750398508
3.068870 1.57564822236 -0.372452909551 2.69881738429 0.979851720685 0.237829265625 1.94542278296 1.30750398508
3.078858 1.57564822236 -0.372452909551 2.69881738429 0.979851720685 0.237829265625 1.94542278296 1.30750398508
3.088871 1.57564822236 -0.372452909551 2.69881738429 0.979851720685 0.237829265625 1.94542278296 1.30750398508
3.098859 1.57564822236 -0.372452909551 2.69881738429 0.979851720685 0.237829265625 1.94542278296 1.30750398508
3.108848 1.57564822236 -0.372452909551 2.69881738429 0.979851720685 0.237829265625 1.94542278296 1.30750398508
3.118846 1.57564822236 -0.372452909551 2.69881738429 0.979851720685 0.237829265625 1.94542278296 1.30750398508
3.128848 1.57564822236 -0.372452909551 2.69881738429 0.979851720685 0.237829265625 1.94542278296 1.30750398508
3.138849 1.57564822236 -0.372452909551 2.69881738429 0.979851720685 0.237829265625 1.94542278296 1.30750398508
3.148846 1.57564822236 -0.372452909551 2.69881738429 0.979851720685 0.237829265625 1.94542278296 1.30750398508
3.158847 1.57564822236 -0.372452909551 2.69881738429 0.979851720685 0.237829265625 1.94542278296 1.30750398508
3.168849 1.57564822236 -0.372452909551 2.69881738429 0.979851720685 0.237829265625 1.94542278296 1.30750398508
3.178819 1.57564822236 -0.372452909551 2.69881738429 0.979851720685 0.237829265625 1.94542278296 1.30750398508
3.188847 1.57564822236 -0.372452909551 2.69881738429 0.979851720685 0.237829265625 1.94542278296 1.30750398508
3.198845 1.57564822236 -0.372452909551 2.69881738429 0.979851720685 0.237829265625 1.94542278296 1.30750398508
3.208843 1.57564822236 -0.372452909551 2.69881738429 0.979851720685 0.237829265625 1.94542278296 1.30750398508
3.218846 1.57564822236 -0.372452909551 2.69881738429 0.979851720685 0.237829265625 1.94542278296 1.30750398508
3.228849 1.57564822236 -0.372452909551 2.69881738429 0.979851720685 0.237829265625 1.94542278296 1.30750398508
3.238847 1.57564822236 -0.372452909551 2.69881738429 0.979851720685 0.237829265625 1.94542278296 1.30750398508
3.248845 1.57564822236 -0.372452909551 2.69881738429 0.979851720685 0.237829265625 1.94542278296 1.30750398508
3.258847 1.57564822236 -0.372452909551 2.69881738429 0.979851720685 0.237829265625 1.94542278296 1.30750398508
3.268848 1.57564822236 -0.372452909551 2.69881738429 0.979851720685 0.237829265625 1.94542278296 1.30750398508
3.278835 1.57564822236 -0.372452909551 2.69881738429 0.979851720685 0.237829265625 1.94542278296 1.30750398508
3.288869 1.57564822236 -0.372452909551 2.69881738429 0.979851720685 0.237829265625 1.94542278296 1.30750398508
3.298866 1.57564822236 -0.372452909551 2.69881738429 0.979851720685 0.237829265625 1.94542278296 1.30750398508
3.308861 1.57564822236 -0.372452909551 2.69881738429 0.979851720685 0.237829265625 1.94542278296 1.30750398508
3.318872 1.57564822236 -0.372452909551 2.69881738429 0.979851720685 0.237829265625 1.94542278296 1.30750398508
3.328868 1.57564822236 -0.372452909551 2.69881738429 0.979851720685 0.237829265625 1.94542278296 1.30750398508
3.338868 1.57564822236 -0.372452909551 2.69881738429 0.979851720685 0.237829265625 1.94542278296 1.30750398508
3.348851 1.57564822236 -0.372452909551 2.69881738429 0.979851720685 0.237829265625 1.94542278296 1.30750398508
3.358848 1.57564822236 -0.372452909551 2.69881738429 0.979851720685 0.237829265625 1.94542278296 1.30750398508
3.368848 1.57564822236 -0.372452909551 2.69881738429 0.979851720685 0.237829265625 1.94542278296 1.30750398508
3.378832 1.57564822236 -0.372452909551 2.69881738429 0.979851720685 0.237829265625 1.94542278296 1.30750398508
3.388849 1.57564822236 -0.372452909551 2.69881738429 0.979851720685 0.237829265625 1.94542278296 1.30750398508
3.398848 1.57564822236 -0.372452909551 2.69881738429 0.979851720685 0.237829265625 1.94542278296 1.30750398508
3.408831 1.57564822236 -0.372452909551 2.69881738429 0.979851720685 0.237829265625 1.94542278296 1.30750398508
3.418863 1.57564822236 -0.372452909551 2.69881738429 0.979851720685 0.237829265625 1.94542278296 1.30750398508
3.428848 1.57564822236 -0.372452909551 2.69881738429 0.979851720685 0.237829265625 1.94542278296 1.30750398508
3.438847 1.57564822236 -0.372452909551 2.69881738429 0.979851720685 0.237829265625 1.94542278296 1.30750398508
3.448849 1.57564822236 -0.372452909551 2.69881738429 0.979851720685 0.237829265625 1.94542278296 1.30750398508
3.458847 1.57564822236 -0.372452909551 2.69881738429 0.979851720685 0.237829265625 1.94542278296 1.30750398508
3.468834 1.57564822236 -0.372452909551 2.69881738429 0.979851720685 0.237829265625 1.94542278296 1.30750398508
3.478845 1.57564822236 -0.372452909551 2.69881738429 0.979851720685 0.237829265625 1.94542278296 1.30750398508
3.488850 1.57564822236 -0.372452909551 2.69881738429 0.979851720685 0.237829265625 1.94542278296 1.30750398508
3.498848 1.57564822236 -0.372452909551 2.69881738429 0.979851720685 0.237829265625 1.94542278296 1.30750398508
3.508818 1.57564822236 -0.372452909551 2.69881738429 0.979851720685 0.237829265625 1.94542278296 1.30750398508
3.518847 1.57564822236 -0.372452909551 2.69881738429 0.979851720685 0.237829265625 1.94542278296 1.30750398508
3.528848 1.57564822236 -0.372452909551 2.69881738429 0.979851720685 0.237829265625 1.94542278296 1.30750398508
3.538848 1.57564822236 -0.372452909551 2.69881738429 0.979851720685 0.237829265625 1.94542278296 1.30750398508
3.548848 1.57564822236 -0.372452909551 2.69881738429 0.979851720685 0.237829265625 1.94542278296 1.30750398508
3.558860 1.57564822236 -0.372452909551 2.69881738429 0.979851720685 0.237829265625 1.94542278296 1.30750398508
3.568851 1.57564822236 -0.372452909551 2.69881738429 0.979851720685 0.237829265625 1.94542278296 1.30750398508
3.578844 1.57564822236 -0.372452909551 2.69881738429 0.979851720685 0.237829265625 1.94542278296 1.30750398508
3.588849 1.57564822236 -0.372452909551 2.69881738429 0.979851720685 0.237829265625 1.94542278296 1.30750398508
3.598848 1.57564822236 -0.372452909551 2.69881738429 0.979851720685 0.237829265625 1.94542278296 1.30750398508
3.608845 1.57564822236 -0.372452909551 2.69881738429 0.979851720685 0.237829265625 1.94542278296 1.30750398508
3.618850 1.57564822236 -0.372452909551 2.69881738429 0.979851720685 0.237829265625 1.94542278296 1.30750398508
3.628848 1.57564822236 -0.372452909551 2.69881738429 0.979851720685 0.237829265625 1.94542278296 1.30750398508
3.638851 1.57564822236 -0.372452909551 2.69881738429 0.979851720685 0.237829265625 1.94542278296 1.30750398508
3.648849 1.57564822236 -0.372452909551 2.69881738429 0.979851720685 0.237829265625 1.94542278296 1.30750398508
3.658848 1.57564822236 -0.372452909551 2.69881738429 0.979851720685 0.237829265625 1.94542278296 1.30750398508
3.668848 1.57564822236 -0.372452909551 2.69881738429 0.979851720685 0.237829265625 1.94542278296 1.30750398508
3.678846 1.57564822236 -0.372452909551 2.69881738429 0.979851720685 0.237829265625 1.94542278296 1.30750398508
3.688851 1.57564822236 -0.372452909551 2.69881738429 0.979851720685 0.237829265625 1.94542278296 1.30750398508
3.698863 1.57564822236 -0.372452909551 2.69881738429 0.979851720685 0.237829265625 1.94542278296 1.30750398508
3.708846 1.57564822236 -0.372452909551 2.69881738429 0.979851720685 0.237829265625 1.94542278296 1.30750398508
3.718866 1.57564822236 -0.372452909551 2.69881738429 0.979851720685 0.237829265625 1.94542278296 1.30750398508
3.728863 1.57564822236 -0.372452909551 2.69881738429 0.979851720685 0.237829265625 1.94542278296 1.30750398508
3.738851 1.57564822236 -0.372452909551 2.69881738429 0.979851720685 0.237829265625 1.94542278296 1.30750398508
3.748865 1.57564822236 -0.372452909551 2.69881738429 0.979851720685 0.237829265625 1.94542278296 1.30750398508
3.758863 1.57564822236 -0.372452909551 2.69881738429 0.979851720685 0.237829265625 1.94542278296 1.30750398508
3.768862 1.57564822236 -0.372452909551 2.69881738429 0.979851720685 0.237829265625 1.94542278296 1.30750398508
3.778852 1.57564822236 -0.372452909551 2.69881738429 0.979851720685 0.237829265625 1.94542278296 1.30750398508
3.788872 1.57564822236 -0.372452909551 2.69881738429 0.979851720685 0.237829265625 1.94542278296 1.30750398508
3.798875 1.57564822236 -0.372452909551 2.69881738429 0.979851720685 0.237829265625 1.94542278296 1.30750398508
3.808854 1.57564822236 -0.372452909551 2.69881738429 0.979851720685 0.237829265625 1.94542278296 1.30750398508
3.818867 1.57564822236 -0.372452909551 2.69881738429 0.979851720685 0.237829265625 1.94542278296 1.30750398508
3.828866 1.57564822236 -0.372452909551 2.69881738429 0.979851720685 0.237829265625 1.94542278296 1.30750398508
3.838845 1.57564822236 -0.372452909551 2.69881738429 0.979851720685 0.237829265625 1.94542278296 1.30750398508
3.848843 1.57564822236 -0.372452909551 2.69881738429 0.979851720685 0.237829265625 1.94542278296 1.30750398508
3.858847 1.57564822236 -0.372452909551 2.69881738429 0.979851720685 0.237829265625 1.94542278296 1.30750398508
3.868847 1.57564822236 -0.372452909551 2.69881738429 0.979851720685 0.237829265625 1.94542278296 1.30750398508
3.878848 1.57564822236 -0.372452909551 2.69881738429 0.979851720685 0.237829265625 1.94542278296 1.30750398508
3.888849 1.57564822236 -0.372452909551 2.69881738429 0.979851720685 0.237829265625 1.94542278296 1.30750398508
3.898848 1.57564822236 -0.372452909551 2.69881738429 0.979851720685 0.237829265625 1.94542278296 1.30750398508
3.908887 1.57564822236 -0.372452909551 2.69881738429 0.979851720685 0.237829265625 1.94542278296 1.30750398508
3.918849 1.57564822236 -0.372452909551 2.69881738429 0.979851720685 0.237829265625 1.94542278296 1.30750398508
3.928848 1.57564822236 -0.372452909551 2.69881738429 0.979851720685 0.237829265625 1.94542278296 1.30750398508
3.938860 1.57564822236 -0.372452909551 2.69881738429 0.979851720685 0.237829265625 1.94542278296 1.30750398508
3.948846 1.57564822236 -0.372452909551 2.69881738429 0.979851720685 0.237829265625 1.94542278296 1.30750398508
3.958847 1.57564822236 -0.372452909551 2.69881738429 0.979851720685 0.237829265625 1.94542278296 1.30750398508
3.968847 1.57564822236 -0.372452909551 2.69881738429 0.979851720685 0.237829265625 1.94542278296 1.30750398508
3.978848 1.57564822236 -0.372452909551 2.69881738429 0.979851720685 0.237829265625 1.94542278296 1.30750398508
3.988843 1.57564822236 -0.372452909551 2.69881738429 0.979851720685 0.237829265625 1.94542278296 1.30750398508
3.998848 1.57564822236 -0.372452909551 2.69881738429 0.979851720685 0.237829265625 1.94542278296 1.30750398508
4.008848 1.57564822236 -0.372452909551 2.69881738429 0.979851720685 0.237829265625 1.94542278296 1.30750398508
4.018848 1.57564822236 -0.372452909551 2.69881738429 0.979851720685 0.237829265625 1.94542278296 1.30750398508
4.028848 1.57564822236 -0.372452909551 2.69881738429 0.979851720685 0.237829265625 1.94542278296 1.30750398508
4.038831 1.57564822236 -0.372452909551 2.69881738429 0.979851720685 0.237829265625 1.94542278296 1.30750398508
4.048848 1.57564822236 -0.372452909551 2.69881738429 0.979851720685 0.237829265625 1.94542278296 1.30750398508
4.058836 1.57564822236 -0.372452909551 2.69881738429 0.979851720685 0.237829265625 1.94542278296 1.30750398508
4.068835 1.57564822236 -0.372452909551 2.69881738429 0.979851720685 0.237829265625 1.94542278296 1.30750398508
4.078846 1.57564822236 -0.372452909551 2.69881738429 0.979851720685 0.237829265625 1.94542278296 1.30750398508
4.088884 1.57564822236 -0.372452909551 2.69881738429 0.979851720685 0.237829265625 1.94542278296 1.30750398508
4.098848 1.57564822236 -0.372452909551 2.69881738429 0.979851720685 0.237829265625 1.94542278296 1.30750398508
4.108849 1.57564822236 -0.372452909551 2.69881738429 0.979851720685 0.237829265625 1.94542278296 1.30750398508
4.118847 1.57564822236 -0.372452909551 2.69881738429 0.979851720685 0.237829265625 1.94542278296 1.30750398508
4.128850 1.57564822236 -0.372452909551 2.69881738429 0.979851720685 0.237829265625 1.94542278296 1.30750398508
4.138844 1.57564822236 -0.372452909551 2.69881738429 0.979851720685 0.237829265625 1.94542278296 1.30750398508
4.148847 1.57564822236 -0.372452909551 2.69881738429 0.979851720685 0.237829265625 1.94542278296 1.30750398508
4.158854 1.57564822236 -0.372452909551 2.69881738429 0.979851720685 0.237829265625 1.94542278296 1.30750398508
4.168829 1.57564822236 -0.372452909551 2.69881738429 0.979851720685 0.237829265625 1.94542278296 1.30750398508
4.178846 1.57564822236 -0.372452909551 2.69881738429 0.979851720685 0.237829265625 1.94542278296 1.30750398508
4.188852 1.57564822236 -0.372452909551 2.69881738429 0.979851720685 0.237829265625 1.94542278296 1.30750398508
4.198845 1.57564822236 -0.372452909551 2.69881738429 0.979851720685 0.237829265625 1.94542278296 1.30750398508
4.208846 1.57564822236 -0.372452909551 2.69881738429 0.979851720685 0.237829265625 1.94542278296 1.30750398508
4.218843 1.57564822236 -0.372452909551 2.69881738429 0.979851720685 0.237829265625 1.94542278296 1.30750398508
4.228843 1.57564822236 -0.372452909551 2.69881738429 0.979851720685 0.237829265625 1.94542278296 1.30750398508
4.238843 1.57564822236 -0.372452909551 2.69881738429 0.979851720685 0.237829265625 1.94542278296 1.30750398508
4.248843 1.57564822236 -0.372452909551 2.69881738429 0.979851720685 0.237829265625 1.94542278296 1.30750398508
4.258843 1.57564822236 -0.372452909551 2.69881738429 0.979851720685 0.237829265625 1.94542278296 1.30750398508
4.268818 1.57564822236 -0.372452909551 2.69881738429 0.979851720685 0.237829265625 1.94542278296 1.30750398508
4.278806 1.57564822236 -0.372452909551 2.69881738429 0.979851720685 0.237829265625 1.94542278296 1.30750398508
4.288851 1.57564822236 -0.372452909551 2.69881738429 0.979851720685 0.237829265625 1.94542278296 1.30750398508
4.298826 1.57564822236 -0.372452909551 2.69881738429 0.979851720685 0.237829265625 1.94542278296 1.30750398508
4.308855 1.57564822236 -0.372452909551 2.69881738429 0.979851720685 0.237829265625 1.94542278296 1.30750398508
4.318847 1.57564822236 -0.372452909551 2.69881738429 0.979851720685 0.237829265625 1.94542278296 1.30750398508
4.328848 1.57564822236 -0.372452909551 2.69881738429 0.979851720685 0.237829265625 1.94542278296 1.30750398508
4.338847 1.57564822236 -0.372452909551 2.69881738429 0.979851720685 0.237829265625 1.94542278296 1.30750398508
4.348844 1.57564822236 -0.372452909551 2.69881738429 0.979851720685 0.237829265625 1.94542278296 1.30750398508
4.358847 1.57564822236 -0.372452909551 2.69881738429 0.979851720685 0.237829265625 1.94542278296 1.30750398508
4.368821 1.57564822236 -0.372452909551 2.69881738429 0.979851720685 0.237829265625 1.94542278296 1.30750398508
4.378849 1.57564822236 -0.372452909551 2.69881738429 0.979851720685 0.237829265625 1.94542278296 1.30750398508
4.388845 1.57564822236 -0.372452909551 2.69881738429 0.979851720685 0.237829265625 1.94542278296 1.30750398508
4.398837 1.57564822236 -0.372452909551 2.69881738429 0.979851720685 0.237829265625 1.94542278296 1.30750398508
4.408850 1.57564822236 -0.372452909551 2.69881738429 0.979851720685 0.237829265625 1.94542278296 1.30750398508
4.418847 1.57564822236 -0.372452909551 2.69881738429 0.979851720685 0.237829265625 1.94542278296 1.30750398508
4.428849 1.57564822236 -0.372452909551 2.69881738429 0.979851720685 0.237829265625 1.94542278296 1.30750398508
4.438848 1.57564822236 -0.372452909551 2.69881738429 0.979851720685 0.237829265625 1.94542278296 1.30750398508
4.448844 1.57564822236 -0.372452909551 2.69881738429 0.979851720685 0.237829265625 1.94542278296 1.30750398508
4.458842 1.57564822236 -0.372452909551 2.69881738429 0.979851720685 0.237829265625 1.94542278296 1.30750398508
4.468819 1.57564822236 -0.372452909551 2.69881738429 0.979851720685 0.237829265625 1.94542278296 1.30750398508
