0.017374 0.37545367623 0.880339558498 2.36136159276 -2.25085128149 2.65916289915 -1.75801907253 2.48201117755
0.017454 0.37545367623 0.880339558498 2.36136159276 -2.25085128149 2.65916289915 -1.75801907253 2.48201117755
0.020027 0.37545367623 0.880339558498 2.36136159276 -2.25085128149 2.65916289915 -1.75801907253 2.48201117755
0.030059 0.37468692208 0.879189069644 2.36021122311 -2.250467666 2.65916289915 -1.75725207997 2.48162780048
0.040080 0.376220907218 0.880339558498 2.36059507703 -2.25085128149 2.65877952208 -1.75763557625 2.48047719242
0.050109 0.375837530143 0.879189069644 2.36059507703 -2.250467666 2.65916289915 -1.75725207997 2.48086080791
0.060122 0.374303545005 0.87880557336 2.36136159276 -2.25085128149 2.65954651465 -1.75725207997 2.48201117755
0.070108 0.375837530143 0.879572565929 2.36021122311 -2.24970067343 2.65916289915 -1.75801907253 2.48162780048
0.080114 0.375837530143 0.879189069644 2.36059507703 -2.25008428892 2.66031350722 -1.75801907253 2.48086080791
0.090089 0.375837530143 0.879572565929 2.36136159276 -2.24970067343 2.65954651465 -1.75725207997 2.48124418498
0.100139 0.375070299155 0.880339558498 2.35982760762 -2.25123465857 2.65992989172 -1.75725207997 2.48124418498
0.110126 0.37545367623 0.879572565929 2.36059507703 -2.250467666 2.65992989172 -1.75763557625 2.48124418498
0.120106 0.37545367623 0.879956062213 2.36174520825 -2.250467666 2.65954651465 -1.7564850874 2.48047719242
0.130151 0.375070299155 0.879572565929 2.35982760762 -2.25008428892 2.65916289915 -1.75686858368 2.48009381534
0.140097 0.37545367623 0.878422077075 2.36021122311 -2.25008428892 2.65992989172 -1.75725207997 2.48086080791
0.150098 0.375837530143 0.879189069644 2.36059507703 -2.25085128149 2.65954651465 -1.75686858368 2.48162780048
0.160113 0.374303545005 0.879189069644 2.36174520825 -2.250467666 2.65992989172 -1.75686858368 2.48086080791
0.170123 0.37545367623 0.879572565929 2.36097821568 -2.25008428892 2.65992989172 -1.75763557625 2.48047719242
0.180134 0.37545367623 0.879956062213 2.36097821568 -2.250467666 2.65916289915 -1.75763557625 2.48086080791
0.190107 0.375070299155 0.879956062213 2.36097821568 -2.250467666 2.65916289915 -1.75801907253 2.48162780048
0.200087 0.375837530143 0.880723054782 2.36174520825 -2.24893368086 2.65954651465 -1.75686858368 2.48047719242
0.210071 0.37545367623 0.880339558498 2.36021122311 -2.24970067343 2.66031350722 -1.75840256882 2.48124418498
0.220087 0.375070299155 0.881106551067 2.36097821568 -2.24970067343 2.65916289915 -1.75801907253 2.48047719242
0.230104 0.375070299155 0.880723054782 2.36059507703 -2.24931729635 2.65877952208 -1.75840256882 2.48086080791
0.240119 0.37545367623 0.878422077075 2.36021122311 -2.25085128149 2.65954651465 -1.75840256882 2.48201117755
0.250115 0.375837530143 0.879956062213 2.36136159276 -2.25008428892 2.65877952208 -1.75725207997 2.48124418498
0.260081 0.375070299155 0.87880557336 2.36059507703 -2.25085128149 2.65916289915 -1.75686858368 2.48162780048
0.270097 0.375070299155 0.879956062213 2.36021122311 -2.25008428892 2.65992989172 -1.75801907253 2.48201117755
0.280116 0.375070299155 0.87880557336 2.36059507703 -2.25085128149 2.65954651465 -1.75725207997 2.48124418498
0.290109 0.375070299155 0.879572565929 2.36059507703 -2.250467666 2.65877952208 -1.75801907253 2.48162780048
0.300128 0.376220907218 0.881106551067 2.36174520825 -2.250467666 2.65954651465 -1.75840256882 2.48124418498
0.310094 0.37545367623 0.879572565929 2.36136159276 -2.250467666 2.65916289915 -1.75840256882 2.48047719242
0.320128 0.375070299155 0.879189069644 2.36251220082 -2.250467666 2.65916289915 -1.75686858368 2.48124418498
0.330113 0.375070299155 0.880339558498 2.36021122311 -2.25085128149 2.65954651465 -1.75763557625 2.48201117755
0.340110 0.375837530143 0.879572565929 2.36212906216 -2.25085128149 2.65877952208 -1.75686858368 2.48124418498
0.350125 0.37545367623 0.879956062213 2.36097821568 -2.250467666 2.65916289915 -1.75801907253 2.48124418498
0.360086 0.375070299155 0.880723054782 2.36097821568 -2.25008428892 2.65839590659 -1.75763557625 2.48162780048
0.370118 0.375837530143 0.87880557336 2.36174520825 -2.25123465857 2.65954651465 -1.75725207997 2.48047719242
0.380103 0.37545367623 0.880723054782 2.36059507703 -2.25085128149 2.65992989172 -1.75763557625 2.48162780048
0.390121 0.37545367623 0.879189069644 2.36097821568 -2.24970067343 2.65954651465 -1.75725207997 2.48162780048
0.400153 0.375070299155 0.880723054782 2.36136159276 -2.25123465857 2.65954651465 -1.75763557625 2.48124418498
0.410104 0.376604284293 0.878422077075 2.36021122311 -2.250467666 2.66031350722 -1.75763557625 2.48086080791
0.420118 0.376220907218 0.880723054782 2.35982760762 -2.25085128149 2.65992989172 -1.75725207997 2.48201117755
0.430112 0.37468692208 0.879189069644 2.36021122311 -2.25123465857 2.65992989172 -1.75840256882 2.48124418498
0.440137 0.375070299155 0.879572565929 2.36021122311 -2.25085128149 2.65992989172 -1.75686858368 2.48086080791
0.450121 0.37468692208 0.87880557336 2.36251220082 -2.25085128149 2.65877952208 -1.75763557625 2.48047719242
0.460079 0.375070299155 0.880339558498 2.36097821568 -2.250467666 2.65954651465 -1.75916956139 2.48086080791
0.470100 0.375837530143 0.879956062213 2.36136159276 -2.25123465857 2.65877952208 -1.75686858368 2.48162780048
0.480104 0.37545367623 0.879572565929 2.35982760762 -2.25238502821 2.65954651465 -1.75763557625 2.48124418498
0.490140 0.37545367623 0.879956062213 2.36021122311 -2.250467666 2.65954651465 -1.75725207997 2.48162780048
0.500096 0.375070299155 0.879572565929 2.36097821568 -2.25008428892 2.65916289915 -1.75763557625 2.48086080791
0.510097 0.375837530143 0.879189069644 2.36021122311 -2.25085128149 2.65954651465 -1.75763557625 2.48162780048
0.520143 0.375837530143 0.880339558498 2.36136159276 -2.25085128149 2.65954651465 -1.75763557625 2.48124418498
0.530112 0.375070299155 0.879189069644 2.36021122311 -2.25123465857 2.65992989172 -1.75840256882 2.48201117755
0.540104 0.375070299155 0.880339558498 2.36136159276 -2.24970067343 2.65954651465 -1.75763557625 2.48086080791
0.550104 0.375070299155 0.879956062213 2.36021122311 -2.25085128149 2.66031350722 -1.75725207997 2.48201117755
0.560142 0.37545367623 0.879189069644 2.36021122311 -2.25008428892 2.65992989172 -1.75725207997 2.48162780048
0.570129 0.376604284293 0.878422077075 2.36021122311 -2.25123465857 2.65954651465 -1.75763557625 2.48086080791
0.580101 0.375837530143 0.880339558498 2.36021122311 -2.25085128149 2.65954651465 -1.75801907253 2.48047719242
0.590117 0.375837530143 0.879189069644 2.36021122311 -2.25085128149 2.65916289915 -1.75801907253 2.48086080791
0.600111 0.376220907218 0.879956062213 2.36097821568 -2.250467666 2.65992989172 -1.75686858368 2.48124418498
0.610094 0.375837530143 0.879189069644 2.36097821568 -2.24970067343 2.65839590659 -1.75763557625 2.48047719242
0.620051 0.37468692208 0.87880557336 2.36097821568 -2.25085128149 2.65877952208 -1.75763557625 2.48162780048
0.630065 0.376604284293 0.87880557336 2.36097821568 -2.25085128149 2.65916289915 -1.75840256882 2.48124418498
0.640075 0.37545367623 0.87880557336 2.36136159276 -2.25123465857 2.65916289915 -1.75801907253 2.48201117755
0.650058 0.376220907218 0.879189069644 2.36059507703 -2.250467666 2.65877952208 -1.75725207997 2.48086080791
0.660085 0.37545367623 0.87880557336 2.36097821568 -2.25085128149 2.65954651465 -1.75801907253 2.48162780048
0.670099 0.37545367623 0.879189069644 2.36136159276 -2.24970067343 2.65992989172 -1.75840256882 2.48124418498
0.680117 0.376220907218 0.879189069644 2.36059507703 -2.25008428892 2.65877952208 -1.75686858368 2.48162780048
0.690100 0.376220907218 0.880339558498 2.36059507703 -2.25123465857 2.65992989172 -1.75686858368 2.48201117755
0.700106 0.375837530143 0.880723054782 2.36059507703 -2.24970067343 2.65877952208 -1.75725207997 2.48201117755
0.710135 0.37545367623 0.87880557336 2.36136159276 -2.25008428892 2.65877952208 -1.75686858368 2.48124418498
0.720114 0.375070299155 0.879189069644 2.36097821568 -2.25085128149 2.65954651465 -1.75725207997 2.48201117755
0.730135 0.375070299155 0.880339558498 2.36212906216 -2.250467666 2.65916289915 -1.75686858368 2.48086080791
0.740107 0.375837530143 0.880723054782 2.36021122311 -2.25123465857 2.66069688429 -1.75840256882 2.48047719242
0.750071 0.375837530143 0.879572565929 2.36174520825 -2.24931729635 2.65877952208 -1.75801907253 2.48124418498
0.760057 0.375837530143 0.879956062213 2.36059507703 -2.25085128149 2.66031350722 -1.75801907253 2.48086080791
0.770050 0.375837530143 0.879189069644 2.35944423055 -2.24970067343 2.65916289915 -1.75801907253 2.48162780048
0.780061 0.375070299155 0.880339558498 2.36021122311 -2.24970067343 2.65992989172 -1.75686858368 2.48162780048
0.790074 0.37545367623 0.880723054782 2.36136159276 -2.25008428892 2.65992989172 -1.75840256882 2.48124418498
0.800122 0.37545367623 0.879189069644 2.36021122311 -2.250467666 2.65916289915 -1.75725207997 2.48124418498
0.810142 0.37545367623 0.879956062213 2.36251220082 -2.25085128149 2.65954651465 -1.75801907253 2.48047719242
0.820142 0.375070299155 0.879956062213 2.36136159276 -2.25085128149 2.66031350722 -1.75801907253 2.48086080791
0.830127 0.37468692208 0.87880557336 2.36174520825 -2.25123465857 2.65877952208 -1.75763557625 2.48086080791
0.840080 0.375837530143 0.879956062213 2.35982760762 -2.250467666 2.66031350722 -1.75763557625 2.48162780048
0.850102 0.375837530143 0.87880557336 2.36097821568 -2.250467666 2.65954651465 -1.75763557625 2.48124418498
0.860078 0.375837530143 0.880339558498 2.36021122311 -2.25085128149 2.66031350722 -1.75801907253 2.48124418498
0.870097 0.375070299155 0.879189069644 2.36136159276 -2.250467666 2.65992989172 -1.75763557625 2.48162780048
0.880105 0.375837530143 0.881106551067 2.35982760762 -2.24970067343 2.65992989172 -1.75725207997 2.48086080791
0.890081 0.375070299155 0.879189069644 2.36136159276 -2.250467666 2.66031350722 -1.75763557625 2.48201117755
0.900097 0.37545367623 0.879189069644 2.36212906216 -2.25085128149 2.65992989172 -1.75686858368 2.48124418498
0.910158 0.376220907218 0.879572565929 2.36059507703 -2.25123465857 2.65954651465 -1.7564850874 2.48162780048
0.920130 0.376220907218 0.880339558498 2.36097821568 -2.25085128149 2.65916289915 -1.7564850874 2.48086080791
0.930122 0.375070299155 0.880723054782 2.36136159276 -2.25123465857 2.65954651465 -1.75801907253 2.48162780048
0.940120 0.37545367623 0.879189069644 2.36021122311 -2.25123465857 2.65916289915 -1.75725207997 2.48162780048
0.950116 0.375070299155 0.879572565929 2.36097821568 -2.25123465857 2.65954651465 -1.75686858368 2.48009381534
0.960099 0.37545367623 0.879189069644 2.36097821568 -2.25008428892 2.65992989172 -1.75763557625 2.48124418498
0.970159 0.375837530143 0.87880557336 2.36136159276 -2.25008428892 2.65992989172 -1.75725207997 2.48124418498
0.980081 0.37545367623 0.879572565929 2.36021122311 -2.250467666 2.65877952208 -1.75801907253 2.48316178562
0.990086 0.37545367623 0.87880557336 2.36059507703 -2.25085128149 2.65992989172 -1.75725207997 2.48162780048
1.000097 0.375070299155 0.879572565929 2.36021122311 -2.250467666 2.65954651465 -1.75686858368 2.48124418498
1.010118 0.375070299155 0.880339558498 2.35982760762 -2.25085128149 2.65916289915 -1.75840256882 2.48201117755
1.020122 0.37468692208 0.880339558498 2.36174520825 -2.250467666 2.65916289915 -1.75725207997 2.48086080791
1.030113 0.37545367623 0.879956062213 2.36136159276 -2.250467666 2.65916289915 -1.7587860651 2.48124418498
1.040127 0.375837530143 0.879956062213 2.36136159276 -2.25008428892 2.66031350722 -1.75725207997 2.48086080791
1.050130 0.375070299155 0.879572565929 2.36097821568 -2.25008428892 2.65916289915 -1.75725207997 2.48086080791
1.060114 0.37545367623 0.879572565929 2.36136159276 -2.250467666 2.65839590659 -1.75725207997 2.48124418498
1.070096 0.376220907218 0.879189069644 2.36136159276 -2.25123465857 2.65992989172 -1.75610159111 2.48124418498
1.080044 0.375070299155 0.880723054782 2.36174520825 -2.25008428892 2.65877952208 -1.75763557625 2.48086080791
1.090071 0.375837530143 0.879956062213 2.36136159276 -2.25200165114 2.65954651465 -1.75725207997 2.48086080791
1.100108 0.375070299155 0.87880557336 2.36059507703 -2.25008428892 2.65992989172 -1.75725207997 2.48086080791
1.110119 0.375837530143 0.880339558498 2.36097821568 -2.25123465857 2.65954651465 -1.75763557625 2.48047719242
1.120114 0.37545367623 0.880339558498 2.36059507703 -2.25085128149 2.65992989172 -1.75725207997 2.48162780048
1.130134 0.375837530143 0.879956062213 2.36059507703 -2.25123465857 2.65916289915 -1.75725207997 2.48124418498
1.140095 0.37545367623 0.879572565929 2.36136159276 -2.25085128149 2.65992989172 -1.75725207997 2.48239479305
1.150128 0.375837530143 0.879572565929 2.36021122311 -2.250467666 2.65916289915 -1.75801907253 2.48124418498
1.160136 0.37468692208 0.87880557336 2.36021122311 -2.250467666 2.65954651465 -1.75763557625 2.48124418498
1.170109 0.375837530143 0.880339558498 2.36021122311 -2.25123465857 2.65992989172 -1.75801907253 2.48201117755
1.180153 0.375070299155 0.879189069644 2.36059507703 -2.25008428892 2.65839590659 -1.75725207997 2.48009381534
1.190138 0.37545367623 0.879572565929 2.36097821568 -2.250467666 2.65916289915 -1.75725207997 2.48047719242
1.200141 0.37545367623 0.879189069644 2.36097821568 -2.25008428892 2.65992989172 -1.75763557625 2.48086080791
1.210108 0.37545367623 0.879956062213 2.36097821568 -2.25161827406 2.65916289915 -1.75686858368 2.48124418498
1.220095 0.37545367623 0.879572565929 2.36097821568 -2.25085128149 2.65954651465 -1.75725207997 2.48086080791
1.230125 0.375070299155 0.879572565929 2.36136159276 -2.25008428892 2.65954651465 -1.7587860651 2.48162780048
1.240164 0.37545367623 0.879572565929 2.36097821568 -2.25008428892 2.65916289915 -1.75725207997 2.48047719242
1.250105 0.37545367623 0.879572565929 2.36097821568 -2.250467666 2.65916289915 -1.75763557625 2.48162780048
1.260148 0.375070299155 0.879189069644 2.36136159276 -2.25008428892 2.65954651465 -1.75763557625 2.48124418498
1.270121 0.375837530143 0.880339558498 2.36097821568 -2.250467666 2.65877952208 -1.75763557625 2.48047719242
1.280107 0.374303545005 0.879956062213 2.35944423055 -2.25085128149 2.65954651465 -1.75763557625 2.48086080791
1.290143 0.376987661368 0.879572565929 2.36136159276 -2.250467666 2.65916289915 -1.75610159111 2.47971019985
1.300134 0.37545367623 0.879572565929 2.36021122311 -2.25085128149 2.65954651465 -1.75725207997 2.48124418498
1.310121 0.375837530143 0.879189069644 2.36097821568 -2.25008428892 2.66069688429 -1.7564850874 2.48162780048
1.320081 0.375070299155 0.879189069644 2.36097821568 -2.250467666 2.65916289915 -1.75801907253 2.48124418498
1.330111 0.376220907218 0.87880557336 2.36136159276 -2.25008428892 2.65992989172 -1.75801907253 2.48124418498
1.340088 0.375070299155 0.880723054782 2.36059507703 -2.25123465857 2.65839590659 -1.75610159111 2.48162780048
1.350110 0.375837530143 0.878038580791 2.36097821568 -2.25085128149 2.65839590659 -1.75801907253 2.48124418498
1.360112 0.376220907218 0.879572565929 2.36021122311 -2.250467666 2.65954651465 -1.75725207997 2.48124418498
1.370126 0.37468692208 0.879189069644 2.36136159276 -2.25008428892 2.65992989172 -1.75686858368 2.48124418498
1.380122 0.376220907218 0.879956062213 2.36021122311 -2.250467666 2.66031350722 -1.75763557625 2.48086080791
1.390114 0.37545367623 0.878422077075 2.36174520825 -2.250467666 2.65839590659 -1.75763557625 2.48201117755
1.400131 0.375070299155 0.880339558498 2.36021122311 -2.25123465857 2.66031350722 -1.75763557625 2.48201117755
1.410104 0.37545367623 0.879189069644 2.36136159276 -2.250467666 2.65992989172 -1.75725207997 2.48086080791
1.420101 0.375070299155 0.879189069644 2.36021122311 -2.25123465857 2.65992989172 -1.75686858368 2.47894320728
1.430121 0.37545367623 0.879189069644 2.36212906216 -2.25123465857 2.65916289915 -1.75686858368 2.48086080791
1.440090 0.375070299155 0.879572565929 2.35982760762 -2.25123465857 2.65954651465 -1.75686858368 2.48086080791
1.450096 0.375837530143 0.879189069644 2.35982760762 -2.25085128149 2.66031350722 -1.75610159111 2.48239479305
1.460130 0.376220907218 0.879572565929 2.36021122311 -2.25085128149 2.65916289915 -1.75571809483 2.48201117755
1.470115 0.376220907218 0.879956062213 2.36021122311 -2.25123465857 2.65839590659 -1.75456760597 2.48277817012
1.480110 0.376987661368 0.878422077075 2.36136159276 -2.250467666 2.65724553694 -1.75571809483 2.48392877819
1.490121 0.376987661368 0.877655084506 2.36136159276 -2.25085128149 2.65801252951 -1.75456760597 2.48354516269
1.500103 0.377754892356 0.876888091937 2.36021122311 -2.250467666 2.65609492888 -1.75265012455 2.48469577075
1.510109 0.379288877494 0.876121099368 2.35982760762 -2.250467666 2.65532793631 -1.75418410969 2.48661313297
1.520127 0.379288877494 0.87458711423 2.35829362248 -2.25085128149 2.65417756667 -1.75149975491 2.48738012554
1.530144 0.378905500419 0.87458711423 2.35752710675 -2.24970067343 2.6534105741 -1.75265012455 2.4885307336
1.540105 0.378521646506 0.872286255733 2.35599264478 -2.25008428892 2.65264358153 -1.75073276234 2.48929772617
1.550096 0.379672254569 0.871519263164 2.35484227513 -2.24893368086 2.65110959639 -1.74958227348 2.49006471874
1.560141 0.380822862632 0.871135766879 2.35330828999 -2.250467666 2.64957561125 -1.74881528092 2.49121508838
1.570103 0.381589616782 0.869601781741 2.35215768193 -2.25008428892 2.64919223418 -1.7491987772 2.49351606609
1.580131 0.38235684777 0.86691730775 2.35177430486 -2.24893368086 2.64689125647 -1.74689779949 2.49466667415
1.590078 0.38235684777 0.864616330043 2.35062369679 -2.24893368086 2.64574064841 -1.74613080692 2.49505005123
1.600108 0.38312360192 0.863849337474 2.34870633458 -2.24816668829 2.64420666327 -1.74498031807 2.49735102893
1.610082 0.384274209983 0.862315352336 2.34717234944 -2.24855030378 2.64228930106 -1.74344633293 2.49965200664
1.620091 0.384657587058 0.85924738206 2.34525498723 -2.24816668829 2.64152230849 -1.74306283665 2.50271997692
1.630082 0.385808195121 0.857329900638 2.34448799466 -2.24816668829 2.63883771529 -1.73961137009 2.50425396205
1.640097 0.386958803184 0.855028922931 2.34410437917 -2.24663270315 2.63692035307 -1.73846088123 2.50578794719
1.650083 0.387342180259 0.851960952655 2.34218701695 -2.24816668829 2.63538636794 -1.73654339981 2.5077053094
1.660143 0.389643396384 0.849276478664 2.34103640889 -2.24701631865 2.63308539023 -1.73462591839 2.51000628711
1.670109 0.39079352761 0.845441515819 2.33950242375 -2.24663270315 2.63116826643 -1.73232494068 2.51307425739
1.680100 0.391560758597 0.842757041827 2.33758506154 -2.24624932608 2.62925042738 -1.73117445183 2.51575885059
1.690164 0.393094743735 0.840839560405 2.33720120763 -2.24624932608 2.62503232588 -1.72772298527 2.5176762128
1.700117 0.394244874961 0.839305575267 2.33451709126 -2.24471534094 2.62541546454 -1.72542200756 2.520360806
1.710120 0.396162714011 0.836237604991 2.33298310612 -2.24586571058 2.62158050169 -1.72503851128 2.52189479114
1.720140 0.398080076224 0.833553131 2.33183249806 -2.24471534094 2.61851253142 -1.72312102986 2.52457914592
1.730121 0.399997438438 0.830485279933 2.32838115071 -2.24433172545 2.61621155371 -1.71928606701 2.52841410877
1.740093 0.401531423575 0.826266820804 2.32723054265 -2.24433172545 2.61429395308 -1.71775208187 2.53071508647
1.750123 0.403448785789 0.822431857959 2.32646402692 -2.24356473288 2.6112259828 -1.71660159302 2.53455004932
1.760145 0.404982770927 0.81821339883 2.32416257237 -2.24433172545 2.60892524352 -1.71430061531 2.53685102703
1.770100 0.407667364127 0.816295917407 2.32147821759 -2.2431813558 2.60624065031 -1.71238313389 2.54145298244
1.780124 0.40881797219 0.814378435985 2.3210946021 -2.24241436323 2.60355629553 -1.70893178654 2.54452095272
1.790117 0.410735334403 0.809776480571 2.31802663182 -2.24164737066 2.59972133269 -1.70624731255 2.54720554592
1.800128 0.413036550529 0.805941517726 2.31649264668 -2.24164737066 2.59703673949 -1.70202885342 2.55104027034
1.810123 0.415720666892 0.79942208089 2.3138082919 -2.24126375517 2.59396924605 -1.69857738686 2.55410824062
1.820141 0.418405260093 0.796737606899 2.3111236987 -2.24126375517 2.59051742186 -1.69665990544 2.5594771886
1.830141 0.418788637168 0.792902644054 2.30997332906 -2.24011338553 2.5878333055 -1.69435892773 2.56139478923
1.840149 0.421856607444 0.789067681209 2.30690535878 -2.23934639296 2.58438148131 -1.68975697231 2.56714711429
1.850121 0.423007215507 0.78408234872 2.30537137364 -2.23857940039 2.57977952589 -1.68822298718 2.56983170749
1.860122 0.42684241677 0.779096897022 2.3030699191 -2.23742879232 2.57709540953 -1.68438802433 2.57481703998
1.870115 0.429143156058 0.775261934177 2.30115303372 -2.23627842268 2.57402696242 -1.68132005406 2.57941899539
1.880137 0.429910387046 0.770276482478 2.29808506345 -2.23781240782 2.569425007 -1.6778685875 2.58287058116
1.890110 0.433361734397 0.766441519634 2.29693421696 -2.23512781462 2.56597365965 -1.67556760979 2.58708892108
1.900110 0.436813081748 0.762223060504 2.29233249997 -2.23512781462 2.56175531973 -1.67173264694 2.59207425357
1.910083 0.440264429099 0.756854112521 2.29079827641 -2.23397744497 2.55792035689 -1.66751418781 2.59629283191
1.920126 0.441415037162 0.754553134815 2.28734669064 -2.23244345984 2.55485238661 -1.66367934418 2.60089478733
1.930093 0.4429490223 0.747650201694 2.28543004369 -2.23129285177 2.54910029997 -1.65907738876 2.60588011981
1.940129 0.446400369651 0.74228137292 2.28236207341 -2.2305258592 2.5460323297 -1.6556259222 2.61086569072
1.950097 0.448317731864 0.737679417506 2.28006061887 -2.22975910505 2.54181351294 -1.65217445564 2.61508403064
1.960142 0.45061894799 0.73115998067 2.27814277982 -2.22707451185 2.53874554266 -1.64910648537 2.62237057926
1.970101 0.453686918265 0.728092010394 2.27507480954 -2.22554052672 2.53414358725 -1.64603851509 2.62582192661
1.980158 0.456371511466 0.725024040118 2.27124032353 -2.2236231645 2.52915801634 -1.64182005596 2.63119087459
1.990129 0.45905562783 0.719271595851 2.26778873776 -2.22170556387 2.52685703864 -1.6383685894 2.63579283
2.000131 0.461356843955 0.714286144153 2.26587089871 -2.2209385713 2.52302231421 -1.63415013027 2.64039478542
2.010106 0.463657583243 0.710067685024 2.26472100591 -2.2182539781 2.5184203588 -1.63031516743 2.64614711048
2.020130 0.465958799369 0.704698737041 2.2605029044 -2.21633661589 2.51458539595 -1.62686370087 2.65151605846
2.030126 0.467109407432 0.701630885974 2.2566672263 -2.21480263075 2.50998344054 -1.6237958498 2.65765199901
2.040120 0.470560754783 0.697412426845 2.25513347958 -2.21403563818 2.50614847769 -1.62072787953 2.66110358478
2.050147 0.472861494071 0.693193967716 2.2524491248 -2.2113512834 2.50269736876 -1.61612592411 2.66647253276
2.060128 0.474779333121 0.689359004871 2.25091537808 -2.20981729826 2.49886240591 -1.61305795384 2.67145786525
2.070127 0.47708007241 0.684373553172 2.24746331548 -2.20905006727 2.4942604505 -1.60960648728 2.67605982067
2.080109 0.478997434623 0.681689079181 2.24631318425 -2.20559871992 2.49119248022 -1.60538802815 2.68104515315
2.090099 0.480148042686 0.676320131198 2.24362835263 -2.20291436514 2.48659004797 -1.60232005787 2.68641410114
2.100114 0.483216012961 0.672485168353 2.24094375943 -2.20214737257 2.48198833098 -1.59925208759 2.69255004169
2.110128 0.485133375175 0.669800694362 2.2382601199 -2.19946277937 2.47853674521 -1.59618411732 2.69676862003
2.120121 0.487050737388 0.664815242664 2.23519214963 -2.19754541716 2.47431840529 -1.59196565819 2.70060358287
2.130140 0.488584722526 0.662130768672 2.23250755643 -2.19486082396 2.47086681952 -1.58851419163 2.70635590793
2.140119 0.489735330588 0.656761939899 2.23097333287 -2.19371045431 2.46741547217 -1.58544622135 2.71134147884
2.150141 0.492803300864 0.652543480769 2.22713837003 -2.19140947661 2.46396436324 -1.58199475479 2.71632681133
2.160129 0.493953908927 0.649859006778 2.22522053098 -2.1887248834 2.45897855391 -1.57854340744 2.72169575931
2.170110 0.496638502128 0.646791036502 2.22138604497 -2.18680752119 2.45514359106 -1.5747084446 2.72591409923
2.180129 0.497788633353 0.641805584804 2.2194679675 -2.18527353605 2.4524594747 -1.57048998547 2.73166666271
2.190131 0.500473226554 0.638354118243 2.21678432797 -2.18335617384 2.44709004988 -1.56703851891 2.73550162555
2.200138 0.502007211692 0.634519155399 2.21525010442 -2.18105495771 2.44402207961 -1.5647375412 2.74087057353
2.210156 0.502390588767 0.630684192554 2.21294864987 -2.17722023329 2.44095410933 -1.56243656349 2.74662289859
2.220133 0.505842412955 0.626849229709 2.21064838742 -2.17530263266 2.43826975455 -1.5597520895 2.75237546207
2.230098 0.506992544181 0.624164755718 2.20719632481 -2.17223466238 2.43251742949 -1.55630062294 2.75697741748
2.240110 0.509677137382 0.620713289157 2.20489606236 -2.17031706175 2.43021645178 -1.55169866753 2.76157913448
2.250122 0.510444368369 0.616494949237 2.20259460782 -2.16839969954 2.42561449637 -1.54824720097 2.76579771282
2.260134 0.512361730582 0.612276490108 2.19952663754 -2.16494835219 2.42216338744 -1.54441223812 2.77155003787
2.270091 0.514279092795 0.609208519832 2.19722542142 -2.16379774412 2.41832842459 -1.5424947567 2.77576861621
2.280129 0.516196455009 0.606524045841 2.19530853604 -2.16034639677 2.41449346175 -1.53827641678 2.78152094127
2.290133 0.517730440146 0.602689082996 2.19262418126 -2.15842879614 2.41065802206 -1.53712592793 2.78804049732
2.300104 0.518497671134 0.599237616435 2.19032272672 -2.15497744879 2.40682353606 -1.53367446137 2.79187546016
2.310139 0.521181787498 0.596553142444 2.18802151059 -2.15267647108 2.40452208151 -1.53137348366 2.79762778522
2.320120 0.52233239556 0.59195118703 2.18648824071 -2.15037549337 2.40030421843 -1.52753852081 2.8006957555
2.330088 0.523099626548 0.588116224185 2.18303689336 -2.14807451567 2.39608540167 -1.52408705425 2.80798206569
2.340098 0.525016988761 0.587732727901 2.18073543881 -2.14462316832 2.3930174314 -1.52063558769 2.81181702854
2.350130 0.526550973899 0.582747276202 2.17843398427 -2.14193857512 2.38918246855 -1.51680062485 2.81526861431
2.360120 0.528084959037 0.581213291065 2.17651733731 -2.13887060484 2.38649835219 -1.51449964714 2.82178793193
2.370132 0.529618944175 0.576227958576 2.17459949826 -2.13695324263 2.38151278128 -1.51258216572 2.82638988735
2.380102 0.532303537375 0.573926980869 2.17114815091 -2.13311804136 2.3788284265 -1.50874720287 2.83060846569
2.390125 0.533453668601 0.569708521739 2.17038139676 -2.13158405623 2.37499298682 -1.50721321774 2.83636079074
2.400140 0.535371507651 0.567791040317 2.16692933415 -2.12736571631 2.37192501654 -1.50299475861 2.84172973873
2.410121 0.535371507651 0.564339573756 2.16386136388 -2.12621534666 2.36693968405 -1.5006937809 2.84671507121
2.420116 0.53767224694 0.560504610912 2.16347774838 -2.12122977575 2.36387171378 -1.49800930691 2.85246763469
2.430084 0.538822855002 0.557053144351 2.16079410886 -2.11969579062 2.3608037435 -1.49379096699 2.85745296718
2.440095 0.538439477927 0.55436867036 2.15810951566 -2.11739481291 2.35735215773 -1.49033950043 2.86205492259
2.450100 0.540740217216 0.551300700084 2.15542516087 -2.11355985006 2.3535174333 -1.48842201901 2.86627350093
2.460125 0.541890825278 0.548616226093 2.1546581683 -2.10934151014 2.35044946303 -1.48573754501 2.87125883342
2.470138 0.541890825278 0.545931752101 2.15159019803 -2.10780752501 2.34661450018 -1.48420355988 2.8766277814
2.480118 0.544575418479 0.544397766963 2.15005573605 -2.10358894667 2.34354652991 -1.48036859703 2.88276372196
2.490117 0.545342172629 0.538645322696 2.148137897 -2.10167158445 2.33932795157 -1.47768412304 2.8869823003
2.500135 0.546492780692 0.536727841274 2.14545425748 -2.0982202371 2.33587660422 -1.47461615276 2.89196763278
2.510146 0.546492780692 0.536727841274 2.14545425748 -2.0982202371 2.33587660422 -1.47461615276 2.89196763278
2.520111 0.546492780692 0.536727841274 2.14545425748 -2.0982202371 2.33587660422 -1.47461615276 2.89196763278
2.530148 0.546492780692 0.536727841274 2.14545425748 -2.0982202371 2.33587660422 -1.47461615276 2.89196763278
2.540108 0.551094736106 0.525606568233 2.13625034665 -2.08556474051 2.32283796896 -1.46426175308 2.91114244701
2.550098 0.551094736106 0.525606568233 2.13625034665 -2.08556474051 2.32283796896 -1.46426175308 2.91114244701
2.560100 0.551094736106 0.525606568233 2.13625034665 -2.08556474051 2.32283796896 -1.46426175308 2.91114244701
2.570119 0.551094736106 0.525606568233 2.13625034665 -2.08556474051 2.32283796896 -1.46426175308 2.91114244701
2.580123 0.551094736106 0.525606568233 2.13625034665 -2.08556474051 2.32283796896 -1.46426175308 2.91114244701
2.590117 0.55646344567 0.514485175983 2.12858018254 -2.07214248976 2.30826487173 -1.45160649491 2.93070063831
2.600127 0.55646344567 0.514485175983 2.12858018254 -2.07214248976 2.30826487173 -1.45160649491 2.93070063831
2.610121 0.55646344567 0.514485175983 2.12858018254 -2.07214248976 2.30826487173 -1.45160649491 2.93070063831
2.620096 0.55646344567 0.514485175983 2.12858018254 -2.07214248976 2.30826487173 -1.45160649491 2.93070063831
2.630059 0.559148038871 0.50566476144 2.12052640294 -2.05910361609 2.29560961356 -1.44240258408 2.95217643024
2.640093 0.559148038871 0.50566476144 2.12052640294 -2.05910361609 2.29560961356 -1.44240258408 2.95217643024
2.650120 0.559148038871 0.50566476144 2.12052640294 -2.05910361609 2.29560961356 -1.44240258408 2.95217643024
2.660112 0.559148038871 0.50566476144 2.12052640294 -2.05910361609 2.29560961356 -1.44240258408 2.95217643024
2.670163 0.559148038871 0.50566476144 2.12052640294 -2.05910361609 2.29560961356 -1.44240258408 2.95217643024
2.680095 0.563749994285 0.491859014407 2.11055549954 -2.04184628328 2.27835263838 -1.42974720669 2.97671995403
2.690126 0.563749994285 0.491859014407 2.11055549954 -2.04184628328 2.27835263838 -1.42974720669 2.97671995403
2.700146 0.563749994285 0.491859014407 2.11055549954 -2.04184628328 2.27835263838 -1.42974720669 2.97671995403
2.710106 0.563749994285 0.491859014407 2.11055549954 -2.04184628328 2.27835263838 -1.42974720669 2.97671995403
2.720105 0.567584718711 0.47843664445 2.10135158871 -2.02535594305 2.26186194052 -1.41785882187 3.00164733173
2.730081 0.569502557761 0.478820140735 2.09713348721 -2.02113760313 2.25879397025 -1.41594134045 3.00586567165
2.740118 0.569502557761 0.478820140735 2.09713348721 -2.02113760313 2.25879397025 -1.41594134045 3.00586567165
2.750098 0.569502557761 0.478820140735 2.09713348721 -2.02113760313 2.25879397025 -1.41594134045 3.00586567165
2.760126 0.569502557761 0.478820140735 2.09713348721 -2.02113760313 2.25879397025 -1.41594134045 3.00586567165
2.770120 0.569502557761 0.478820140735 2.09713348721 -2.02113760313 2.25879397025 -1.41594134045 3.00586567165
2.780127 0.571419919974 0.469232733623 2.09214767789 -2.00656474432 2.24537195792 -1.40482006741 3.02695784809
2.790134 0.571419919974 0.469232733623 2.09214767789 -2.00656474432 2.24537195792 -1.40482006741 3.02695784809
2.800101 0.571419919974 0.469232733623 2.09214767789 -2.00656474432 2.24537195792 -1.40482006741 3.02695784809
2.810079 0.571419919974 0.469232733623 2.09214767789 -2.00656474432 2.24537195792 -1.40482006741 3.02695784809
2.820112 0.573720659263 0.459645326511 2.08486160611 -1.99160850844 2.23233284583 -1.39715014172 3.04613266231
2.830111 0.573720659263 0.459645326511 2.08486160611 -1.99160850844 2.23233284583 -1.39715014172 3.04613266231
2.840129 0.573720659263 0.459645326511 2.08486160611 -1.99160850844 2.23233284583 -1.39715014172 3.04613266231
2.850075 0.573720659263 0.459645326511 2.08486160611 -1.99160850844 2.23233284583 -1.39715014172 3.04613266231
2.860113 0.576405252463 0.450057919399 2.07489117955 -1.97205019793 2.21776046385 -1.38487826061 3.07105980159
2.870130 0.576405252463 0.450057919399 2.07489117955 -1.97205019793 2.21776046385 -1.38487826061 3.07105980159
2.880091 0.576405252463 0.450057919399 2.07489117955 -1.97205019793 2.21776046385 -1.38487826061 3.07105980159
2.890122 0.576405252463 0.450057919399 2.07489117955 -1.97205019793 2.21776046385 -1.38487826061 3.07105980159
2.900134 0.576405252463 0.450057919399 2.07489117955 -1.97205019793 2.21776046385 -1.38487826061 3.07105980159
2.910099 0.577939237601 0.438553150073 2.06683739995 -1.95249188742 2.20088662733 -1.37452386093 3.0956035638
2.920123 0.579856599814 0.437019164935 2.06338581418 -1.94904054007 2.19705118765 -1.37222288323 3.102889874
2.930144 0.579856599814 0.437019164935 2.06338581418 -1.94904054007 2.19705118765 -1.37222288323 3.102889874
2.940131 0.579856599814 0.437019164935 2.06338581418 -1.94904054007 2.19705118765 -1.37222288323 3.102889874
2.950091 0.579856599814 0.437019164935 2.06338581418 -1.94904054007 2.19705118765 -1.37222288323 3.102889874
2.960116 0.581007207877 0.429349239246 2.05801662778 -1.93293369612 2.18477954497 -1.36493657303 3.12244830371
2.970141 0.581007207877 0.429349239246 2.05801662778 -1.93293369612 2.18477954497 -1.36493657303 3.12244830371
2.980120 0.581007207877 0.429349239246 2.05801662778 -1.93293369612 2.18477954497 -1.36493657303 3.12244830371
2.990104 0.581007207877 0.429349239246 2.05801662778 -1.93293369612 2.18477954497 -1.36493657303 3.12244830371
3.000114 0.581007207877 0.429349239246 2.05801662778 -1.93293369612 2.18477954497 -1.36493657303 3.12244830371
3.010153 0.581774438865 0.421295817271 2.05149707173 -1.91797734102 2.17365803351 -1.3557326622 3.14085612537
3.020088 0.581774438865 0.421295817271 2.05149707173 -1.91797734102 2.17365803351 -1.3557326622 3.14085612537
3.030122 0.581774438865 0.421295817271 2.05149707173 -1.91797734102 2.17365803351 -1.3557326622 3.14085612537
3.040122 0.581774438865 0.421295817271 2.05149707173 -1.91797734102 2.17365803351 -1.3557326622 3.14085612537
3.050095 0.582541193015 0.41515987672 2.04421123837 -1.89995301565 2.16061963667 -1.34882972908 -3.1212369418
3.060119 0.582541193015 0.41515987672 2.04421123837 -1.89995301565 2.16061963667 -1.34882972908 -3.1212369418
3.070155 0.582541193015 0.41515987672 2.04421123837 -1.89995301565 2.16061963667 -1.34882972908 -3.1212369418
3.080104 0.582541193015 0.41515987672 2.04421123837 -1.89995301565 2.16061963667 -1.34882972908 -3.1212369418
3.090131 0.582541193015 0.41515987672 2.04421123837 -1.89995301565 2.16061963667 -1.34882972908 -3.1212369418
3.100144 0.583308424003 0.406722958461 2.03615745877 -1.87886083922 2.14643039336 -1.33885882569 -3.097460649
3.110123 0.583308424003 0.406722958461 2.03615745877 -1.87886083922 2.14643039336 -1.33885882569 -3.097460649
3.120155 0.583308424003 0.406722958461 2.03615745877 -1.87886083922 2.14643039336 -1.33885882569 -3.097460649
3.130113 0.583308424003 0.406722958461 2.03615745877 -1.87886083922 2.14643039336 -1.33885882569 -3.097460649
3.140107 0.584842409141 0.398286040202 2.02925476407 -1.85891903242 2.13032307257 -1.33003841114 -3.07176651715
3.150135 0.584075178153 0.398286040202 2.02733692502 -1.85355008444 2.1280225717 -1.32888792229 -3.06716456173
3.160114 0.584075178153 0.398286040202 2.02733692502 -1.85355008444 2.1280225717 -1.32888792229 -3.06716456173
3.170105 0.584075178153 0.398286040202 2.02733692502 -1.85355008444 2.1280225717 -1.32888792229 -3.06716456173
3.180100 0.584075178153 0.398286040202 2.02733692502 -1.85355008444 2.1280225717 -1.32888792229 -3.06716456173
3.190125 0.584075178153 0.398286040202 2.02733692502 -1.85355008444 2.1280225717 -1.32888792229 -3.06716456173
3.200127 0.583691801078 0.392150099651 2.02081760739 -1.83629287085 2.11690106024 -1.32121811581 -3.04722275494
3.210127 0.583691801078 0.392150099651 2.02081760739 -1.83629287085 2.11690106024 -1.32121811581 -3.04722275494
3.220122 0.583691801078 0.392150099651 2.02081760739 -1.83629287085 2.11690106024 -1.32121811581 -3.04722275494
3.230152 0.583691801078 0.392150099651 2.02081760739 -1.83629287085 2.11690106024 -1.32121811581 -3.04722275494
3.240110 0.584842409141 0.384863789455 2.01544937466 -1.81826866469 2.10501231779 -1.31546567154 -3.02728094815
3.250101 0.584842409141 0.384863789455 2.01544937466 -1.81826866469 2.10501231779 -1.31546567154 -3.02728094815
3.260100 0.584842409141 0.384863789455 2.01544937466 -1.81826866469 2.10501231779 -1.31546567154 -3.02728094815
3.270087 0.584842409141 0.384863789455 2.01544937466 -1.81826866469 2.10501231779 -1.31546567154 -3.02728094815
3.280088 0.583691801078 0.379111464397 2.00854572629 -1.79487539133 2.09005608191 -1.306645257 -3.00312080144
3.290131 0.583691801078 0.379111464397 2.00854572629 -1.79487539133 2.09005608191 -1.306645257 -3.00312080144
3.300126 0.583691801078 0.379111464397 2.00854572629 -1.79487539133 2.09005608191 -1.306645257 -3.00312080144
3.310118 0.583691801078 0.379111464397 2.00854572629 -1.79487539133 2.09005608191 -1.306645257 -3.00312080144
3.320099 0.583691801078 0.379111464397 2.00854572629 -1.79487539133 2.09005608191 -1.306645257 -3.00312080144
3.330151 0.581774438865 0.372591908351 2.00125965451 -1.77186573347 2.07663406958 -1.29935882759 -2.97704305409
3.340142 0.581774438865 0.371441538707 1.99857518052 -1.76764727434 2.07318224539 -1.29590736103 -2.97129072903
3.350127 0.581774438865 0.371441538707 1.99857518052 -1.76764727434 2.07318224539 -1.29590736103 -2.97129072903
3.360095 0.581774438865 0.371441538707 1.99857518052 -1.76764727434 2.07318224539 -1.29590736103 -2.97129072903
3.370142 0.581774438865 0.371441538707 1.99857518052 -1.76764727434 2.07318224539 -1.29590736103 -2.97129072903
3.380117 0.581007207877 0.366455967799 1.99512371396 -1.74847246012 2.06206097235 -1.2916889019 -2.95134892224
3.390093 0.581007207877 0.366455967799 1.99512371396 -1.74847246012 2.06206097235 -1.2916889019 -2.95134892224
3.400129 0.581007207877 0.366455967799 1.99512371396 -1.74847246012 2.06206097235 -1.2916889019 -2.95134892224
3.410127 0.581007207877 0.366455967799 1.99512371396 -1.74847246012 2.06206097235 -1.2916889019 -2.95134892224
3.420111 0.581007207877 0.366455967799 1.99512371396 -1.74847246012 2.06206097235 -1.2916889019 -2.95134892224
3.430125 0.578706468589 0.361854012386 1.98937126969 -1.72968114218 2.05170669188 -1.28555296135 -2.93217410801
3.440111 0.578706468589 0.361854012386 1.98937126969 -1.72968114218 2.05170669188 -1.28555296135 -2.93217410801
3.450110 0.578706468589 0.361854012386 1.98937126969 -1.72968114218 2.05170669188 -1.28555296135 -2.93217410801
3.460129 0.578706468589 0.361854012386 1.98937126969 -1.72968114218 2.05170669188 -1.28555296135 -2.93217410801
3.470119 0.577172483451 0.358019049541 1.9836184678 -1.7120404323 2.03981866469 -1.28095112515 -2.91261591672
3.480096 0.577172483451 0.358019049541 1.9836184678 -1.7120404323 2.03981866469 -1.28095112515 -2.91261591672
3.490125 0.577172483451 0.358019049541 1.9836184678 -1.7120404323 2.03981866469 -1.28095112515 -2.91261591672
3.500129 0.577172483451 0.358019049541 1.9836184678 -1.7120404323 2.03981866469 -1.28095112515 -2.91261591672
3.510088 0.577172483451 0.358019049541 1.9836184678 -1.7120404323 2.03981866469 -1.28095112515 -2.91261591672
3.520126 0.575254644401 0.353033717052 1.97825035428 -1.6874967893 2.02869715323 -1.27328119946 -2.88960613965
3.530139 0.575254644401 0.353033717052 1.97825035428 -1.6874967893 2.02869715323 -1.27328119946 -2.88960613965
3.540129 0.575254644401 0.353033717052 1.97825035428 -1.6874967893 2.02869715323 -1.27328119946 -2.88960613965
3.550097 0.575254644401 0.353033717052 1.97825035428 -1.6874967893 2.02869715323 -1.27328119946 -2.88960613965
3.560059 0.573337282188 0.348431761638 1.97825035428 -1.66870547136 2.02332796683 -1.26714525891 -2.87234892605
3.570108 0.572186674125 0.348815138713 1.97825035428 -1.66333652338 2.02217735876 -1.26676176262 -2.87004794835
3.580112 0.572186674125 0.348815138713 1.97825035428 -1.66333652338 2.02217735876 -1.26676176262 -2.87004794835
3.590087 0.572186674125 0.348815138713 1.97825035428 -1.66333652338 2.02217735876 -1.26676176262 -2.87004794835
3.600123 0.572186674125 0.348815138713 1.97825035428 -1.66333652338 2.02217735876 -1.26676176262 -2.87004794835
3.610115 0.572186674125 0.348815138713 1.97825035428 -1.66333652338 2.02217735876 -1.26676176262 -2.87004794835
3.620092 0.571419919974 0.346130783931 1.97825035428 -1.64799679121 2.01795949568 -1.26100931835 -2.85509171246
3.630076 0.571419919974 0.346130783931 1.97825035428 -1.64799679121 2.01795949568 -1.26100931835 -2.85509171246
3.640065 0.571419919974 0.346130783931 1.97825035428 -1.64799679121 2.01795949568 -1.26100931835 -2.85509171246
3.650092 0.571419919974 0.346130783931 1.97825035428 -1.64799679121 2.01795949568 -1.26100931835 -2.85509171246
3.660102 0.570269311912 0.34267943658 1.97633251523 -1.63227344355 2.01105608572 -1.2548733778 -2.83898486851
3.670099 0.570269311912 0.34267943658 1.97633251523 -1.63227344355 2.01105608572 -1.2548733778 -2.83898486851
3.680137 0.570269311912 0.34267943658 1.97633251523 -1.63227344355 2.01105608572 -1.2548733778 -2.83898486851
3.690113 0.570269311912 0.34267943658 1.97633251523 -1.63227344355 2.01105608572 -1.2548733778 -2.83898486851
3.700142 0.569502557761 0.337693865672 1.97211441373 -1.61079765162 2.00031818976 -1.25218890381 -2.81635870694
3.710134 0.569502557761 0.337693865672 1.97211441373 -1.61079765162 2.00031818976 -1.25218890381 -2.81635870694
3.720127 0.569502557761 0.337693865672 1.97211441373 -1.61079765162 2.00031818976 -1.25218890381 -2.81635870694
3.730160 0.569502557761 0.337693865672 1.97211441373 -1.61079765162 2.00031818976 -1.25218890381 -2.81635870694
3.740142 0.569502557761 0.337693865672 1.97211441373 -1.61079765162 2.00031818976 -1.25218890381 -2.81635870694
3.750124 0.566050733573 0.333475525752 1.96559426163 -1.58625400862 1.98804630865 -1.24528597069 -2.79411592244
3.760099 0.565283979423 0.332708533183 1.96444413041 -1.58126855692 1.98574580779 -1.24566946697 -2.78913035153
3.770084 0.565283979423 0.332708533183 1.96444413041 -1.58126855692 1.98574580779 -1.24566946697 -2.78913035153
3.780152 0.565283979423 0.332708533183 1.96444413041 -1.58126855692 1.98574580779 -1.24566946697 -2.78913035153
3.790110 0.565283979423 0.332708533183 1.96444413041 -1.58126855692 1.98574580779 -1.24566946697 -2.78913035153
3.800126 0.562216009147 0.330790932552 1.95869132851 -1.5620938619 1.97462441553 -1.2403006382 -2.76803817509
3.810102 0.562216009147 0.330790932552 1.95869132851 -1.5620938619 1.97462441553 -1.2403006382 -2.76803817509
3.820116 0.562216009147 0.330790932552 1.95869132851 -1.5620938619 1.97462441553 -1.2403006382 -2.76803817509
3.830132 0.562216009147 0.330790932552 1.95869132851 -1.5620938619 1.97462441553 -1.2403006382 -2.76803817509
3.840117 0.562216009147 0.330790932552 1.95869132851 -1.5620938619 1.97462441553 -1.2403006382 -2.76803817509
3.850124 0.557614053733 0.326955969707 1.95600685452 -1.5425355514 1.96657063593 -1.23723266792 -2.7507809615
3.860107 0.557614053733 0.326955969707 1.95600685452 -1.5425355514 1.96657063593 -1.23723266792 -2.7507809615
3.870106 0.557614053733 0.326955969707 1.95600685452 -1.5425355514 1.96657063593 -1.23723266792 -2.7507809615
3.880106 0.557614053733 0.326955969707 1.95600685452 -1.5425355514 1.96657063593 -1.23723266792 -2.7507809615
3.890130 0.554162706382 0.324271614925 1.95217224931 -1.52221024832 1.95659973254 -1.23416469765 -2.73237313984
3.900130 0.554162706382 0.324271614925 1.95217224931 -1.52221024832 1.95659973254 -1.23416469765 -2.73237313984
3.910143 0.554162706382 0.324271614925 1.95217224931 -1.52221024832 1.95659973254 -1.23416469765 -2.73237313984
3.920142 0.554162706382 0.324271614925 1.95217224931 -1.52221024832 1.95659973254 -1.23416469765 -2.73237313984
3.930079 0.554162706382 0.324271614925 1.95217224931 -1.52221024832 1.95659973254 -1.23416469765 -2.73237313984
3.940123 0.549560750968 0.324271614925 1.94450280045 -1.49728310904 1.94547881712 -1.22956274223 -2.70859637021
3.950121 0.549560750968 0.324271614925 1.94450280045 -1.49728310904 1.94547881712 -1.22956274223 -2.70859637021
3.960165 0.549560750968 0.324271614925 1.94450280045 -1.49728310904 1.94547881712 -1.22956274223 -2.70859637021
3.970127 0.549560750968 0.324271614925 1.94450280045 -1.49728310904 1.94547881712 -1.22956274223 -2.70859637021
3.980123 0.544958795554 0.32043665208 1.94066712235 -1.47312296232 1.93474056353 -1.22534428311 -2.68635382412
3.990135 0.544575418479 0.32043665208 1.93798336362 -1.46660352549 1.93167259325 -1.22419379425 -2.68213524579
4.000107 0.544575418479 0.32043665208 1.93798336362 -1.46660352549 1.93167259325 -1.22419379425 -2.68213524579
4.010119 0.544575418479 0.32043665208 1.93798336362 -1.46660352549 1.93167259325 -1.22419379425 -2.68213524579
4.020098 0.544575418479 0.32043665208 1.93798336362 -1.46660352549 1.93167259325 -1.22419379425 -2.68213524579
4.030145 0.544575418479 0.32043665208 1.93798336362 -1.46660352549 1.93167259325 -1.22419379425 -2.68213524579
4.040093 0.540740217216 0.317752058879 1.9345311818 -1.44781220755 1.923235675 -1.22227631283 -2.66257705449
4.050123 0.540740217216 0.317752058879 1.9345311818 -1.44781220755 1.923235675 -1.22227631283 -2.66257705449
4.060122 0.540740217216 0.317752058879 1.9345311818 -1.44781220755 1.923235675 -1.22227631283 -2.66257705449
4.070150 0.540740217216 0.317752058879 1.9345311818 -1.44781220755 1.923235675 -1.22227631283 -2.66257705449
4.080088 0.53767224694 0.316601689235 1.92916294907 -1.42710352739 1.91441573729 -1.21920834255 -2.64378585576
4.090115 0.53767224694 0.316601689235 1.92916294907 -1.42710352739 1.91441573729 -1.21920834255 -2.64378585576
4.100142 0.53767224694 0.316601689235 1.92916294907 -1.42710352739 1.91441573729 -1.21920834255 -2.64378585576
4.110125 0.53767224694 0.316601689235 1.92916294907 -1.42710352739 1.91441573729 -1.21920834255 -2.64378585576
4.120083 0.531919683463 0.315067704097 1.92456063603 -1.4021762689 1.90367784132 -1.21690736485 -2.6226934409
4.130116 0.531919683463 0.315067704097 1.92456063603 -1.4021762689 1.90367784132 -1.21690736485 -2.6226934409
4.140115 0.531919683463 0.315067704097 1.92456063603 -1.4021762689 1.90367784132 -1.21690736485 -2.6226934409
4.150130 0.531919683463 0.315067704097 1.92456063603 -1.4021762689 1.90367784132 -1.21690736485 -2.6226934409
4.160123 0.531919683463 0.315067704097 1.92456063603 -1.4021762689 1.90367784132 -1.21690736485 -2.6226934409
4.170125 0.525783742911 0.313917096034 1.91995903825 -1.37648213705 1.89332308401 -1.21422289086 -2.60198487996
4.180118 0.524249757773 0.314684088603 1.91842433785 -1.37226367792 1.89178909888 -1.213072402 -2.59699930905
4.190085 0.524249757773 0.314684088603 1.91842433785 -1.37226367792 1.89178909888 -1.213072402 -2.59699930905
4.200106 0.524249757773 0.314684088603 1.91842433785 -1.37226367792 1.89178909888 -1.213072402 -2.59699930905
4.210093 0.524249757773 0.314684088603 1.91842433785 -1.37226367792 1.89178909888 -1.213072402 -2.59699930905
4.220091 0.516963685996 0.312383110896 1.91420623635 -1.35193837484 1.88526966204 -1.21230540943 -2.58281006573
4.230118 0.516963685996 0.312383110896 1.91420623635 -1.35193837484 1.88526966204 -1.21230540943 -2.58281006573
4.240136 0.516963685996 0.312383110896 1.91420623635 -1.35193837484 1.88526966204 -1.21230540943 -2.58281006573
4.250113 0.516963685996 0.312383110896 1.91420623635 -1.35193837484 1.88526966204 -1.21230540943 -2.58281006573
4.260115 0.516963685996 0.312383110896 1.91420623635 -1.35193837484 1.88526966204 -1.21230540943 -2.58281006573
4.270081 0.51121112252 0.311999733821 1.91113826608 -1.33506465754 1.87683274378 -1.21038792801 -2.56900419949
4.280111 0.51121112252 0.311999733821 1.91113826608 -1.33506465754 1.87683274378 -1.21038792801 -2.56900419949
4.290088 0.51121112252 0.311999733821 1.91113826608 -1.33506465754 1.87683274378 -1.21038792801 -2.56900419949
4.300116 0.51121112252 0.311999733821 1.91113826608 -1.33506465754 1.87683274378 -1.21038792801 -2.56900419949
4.310108 0.505075181968 0.311232741252 1.90730378007 -1.31934130987 1.87108077635 -1.20693646145 -2.55711593388
4.320101 0.505075181968 0.311232741252 1.90730378007 -1.31934130987 1.87108077635 -1.20693646145 -2.55711593388
4.330118 0.505075181968 0.311232741252 1.90730378007 -1.31934130987 1.87108077635 -1.20693646145 -2.55711593388
4.340120 0.505075181968 0.311232741252 1.90730378007 -1.31934130987 1.87108077635 -1.20693646145 -2.55711593388
4.350106 0.505075181968 0.311232741252 1.90730378007 -1.31934130987 1.87108077635 -1.20693646145 -2.55711593388
4.360136 0.498555864341 0.311999733821 1.90193447446 -1.30208409628 1.86456133952 -1.20731995773 -2.54369344472
4.370145 0.498555864341 0.311999733821 1.90193447446 -1.30208409628 1.86456133952 -1.20731995773 -2.54369344472
4.380113 0.498555864341 0.311999733821 1.90193447446 -1.30208409628 1.86456133952 -1.20731995773 -2.54369344472
4.390097 0.498555864341 0.311999733821 1.90193447446 -1.30208409628 1.86456133952 -1.20731995773 -2.54369344472
4.400133 0.493570531852 0.311616118327 1.89886650418 -1.28789473375 1.85842539896 -1.20616946888 -2.53295554875
4.410097 0.492803300864 0.310849125758 1.89963349675 -1.28444326719 1.85804154505 -1.2057859726 -2.53103818654
4.420123 0.492803300864 0.310849125758 1.89963349675 -1.28444326719 1.85804154505 -1.2057859726 -2.53103818654
4.430122 0.492803300864 0.310849125758 1.89963349675 -1.28444326719 1.85804154505 -1.2057859726 -2.53103818654
4.440139 0.492803300864 0.310849125758 1.89963349675 -1.28444326719 1.85804154505 -1.2057859726 -2.53103818654
4.450112 0.492803300864 0.310849125758 1.89963349675 -1.28444326719 1.85804154505 -1.2057859726 -2.53103818654
4.460147 0.489351953513 0.310465748683 1.89656552647 -1.2744723638 1.8526729547 -1.20348499489 -2.52183427571
4.470093 0.489351953513 0.310465748683 1.89656552647 -1.2744723638 1.8526729547 -1.20348499489 -2.52183427571
4.480112 0.489351953513 0.310465748683 1.89656552647 -1.2744723638 1.8526729547 -1.20348499489 -2.52183427571
4.490118 0.489351953513 0.310465748683 1.89656552647 -1.2744723638 1.8526729547 -1.20348499489 -2.52183427571
4.500132 0.485900606162 0.311232741252 1.89541539525 -1.26258409819 1.85113896956 -1.20003352833 -2.51454772709
4.510109 0.485900606162 0.311232741252 1.89541539525 -1.26258409819 1.85113896956 -1.20003352833 -2.51454772709
4.520279 0.485900606162 0.311232741252 1.89541539525 -1.26258409819 1.85113896956 -1.20003352833 -2.51454772709
4.530134 0.485900606162 0.311232741252 1.89541539525 -1.26258409819 1.85113896956 -1.20003352833 -2.51454772709
4.540158 0.480914796836 0.315067704097 1.89579853391 -1.24609375795 1.84960462679 -1.19466458035 -2.50534381627
4.550095 0.480914796836 0.315067704097 1.89579853391 -1.24609375795 1.84960462679 -1.19466458035 -2.50534381627
4.560090 0.480914796836 0.315067704097 1.89579853391 -1.24609375795 1.84960462679 -1.19466458035 -2.50534381627
4.570128 0.480914796836 0.315067704097 1.89579853391 -1.24609375795 1.84960462679 -1.19466458035 -2.50534381627
4.580121 0.480914796836 0.315067704097 1.89579853391 -1.24609375795 1.84960462679 -1.19466458035 -2.50534381627
4.590119 0.476696695334 0.32043665208 1.89579853391 -1.22998691401 1.85075547327 -1.18699477387 -2.49537315129
4.600115 0.476313318259 0.321587021724 1.89503189896 -1.22576845488 1.85075547327 -1.18584428501 -2.49460615872
4.610081 0.476313318259 0.321587021724 1.89503189896 -1.22576845488 1.85075547327 -1.18584428501 -2.49460615872
4.620090 0.476313318259 0.321587021724 1.89503189896 -1.22576845488 1.85075547327 -1.18584428501 -2.49460615872
4.630074 0.476313318259 0.321587021724 1.89503189896 -1.22576845488 1.85075547327 -1.18584428501 -2.49460615872
4.640082 0.476313318259 0.321587021724 1.89503189896 -1.22576845488 1.85075547327 -1.18584428501 -2.49460615872
4.650070 0.470560754783 0.331557925121 1.89963349675 -1.21042872271 1.85305609335 -1.17740736675 -2.48731961011
4.660137 0.470560754783 0.331557925121 1.89963349675 -1.21042872271 1.85305609335 -1.17740736675 -2.48731961011
4.670115 0.470560754783 0.331557925121 1.89963349675 -1.21042872271 1.85305609335 -1.17740736675 -2.48731961011
4.680113 0.470560754783 0.331557925121 1.89963349675 -1.21042872271 1.85305609335 -1.17740736675 -2.48731961011
4.690101 0.466342176444 0.340761835948 1.90231797074 -1.19470537504 1.85497357478 -1.16743646336 -2.48080029248
4.700124 0.466342176444 0.340761835948 1.90231797074 -1.19470537504 1.85497357478 -1.16743646336 -2.48080029248
4.710111 0.466342176444 0.340761835948 1.90231797074 -1.19470537504 1.85497357478 -1.16743646336 -2.48080029248
4.720097 0.466342176444 0.340761835948 1.90231797074 -1.19470537504 1.85497357478 -1.16743646336 -2.48080029248
4.730155 0.466342176444 0.340761835948 1.90231797074 -1.19470537504 1.85497357478 -1.16743646336 -2.48080029248
4.740108 0.460206235892 0.357635672466 1.90998741959 -1.17246270975 1.8599593841 -1.15286360455 -2.47121276616
4.750119 0.460206235892 0.357635672466 1.90998741959 -1.17246270975 1.8599593841 -1.15286360455 -2.47121276616
4.760110 0.460206235892 0.357635672466 1.90998741959 -1.17246270975 1.8599593841 -1.15286360455 -2.47121276616
4.770158 0.460206235892 0.357635672466 1.90998741959 -1.17246270975 1.8599593841 -1.15286360455 -2.47121276616
4.780163 0.454070295341 0.371441538707 1.91573986386 -1.1490694364 1.86456133952 -1.13752387238 -2.46239247082
4.790089 0.45138570214 0.375659878627 1.91765770291 -1.14331699213 1.86686195959 -1.13407240582 -2.46047487019
4.800108 0.45138570214 0.375659878627 1.91765770291 -1.14331699213 1.86686195959 -1.13407240582 -2.46047487019
4.810102 0.45138570214 0.375659878627 1.91765770291 -1.14331699213 1.86686195959 -1.13407240582 -2.46047487019
4.820062 0.45138570214 0.375659878627 1.91765770291 -1.14331699213 1.86686195959 -1.13407240582 -2.46047487019
4.830135 0.45138570214 0.375659878627 1.91765770291 -1.14331699213 1.86686195959 -1.13407240582 -2.46047487019
4.840124 0.4456336155 0.390616114513 1.92264351224 -1.12299180826 1.87108077635 -1.12065015507 -2.45318856
4.850137 0.4456336155 0.390616114513 1.92264351224 -1.12299180826 1.87108077635 -1.12065015507 -2.45318856
4.860120 0.4456336155 0.390616114513 1.92264351224 -1.12299180826 1.87108077635 -1.12065015507 -2.45318856
4.870164 0.4456336155 0.390616114513 1.92264351224 -1.12299180826 1.87108077635 -1.12065015507 -2.45318856
4.880130 0.441415037162 0.402887995616 1.92686161374 -1.1022830089 1.87338127722 -1.10876165104 -2.44513525723
4.890092 0.441415037162 0.402887995616 1.92686161374 -1.1022830089 1.87338127722 -1.10876165104 -2.44513525723
4.900125 0.441415037162 0.402887995616 1.92686161374 -1.1022830089 1.87338127722 -1.10876165104 -2.44513525723
4.910127 0.441415037162 0.402887995616 1.92686161374 -1.1022830089 1.87338127722 -1.10876165104 -2.44513525723
4.920132 0.433745111472 0.419378455058 1.93223091935 -1.07850635847 1.87759973635 -1.09227143002 -2.43478073834
4.930104 0.433745111472 0.419378455058 1.93223091935 -1.07850635847 1.87759973635 -1.09227143002 -2.43478073834
4.940102 0.433745111472 0.419378455058 1.93223091935 -1.07850635847 1.87759973635 -1.09227143002 -2.43478073834
4.950121 0.433745111472 0.419378455058 1.93223091935 -1.07850635847 1.87759973635 -1.09227143002 -2.43478073834
4.960129 0.433745111472 0.419378455058 1.93223091935 -1.07850635847 1.87759973635 -1.09227143002 -2.43478073834
4.970153 0.42684241677 0.434718187228 1.93414768552 -1.0531956037 1.87836672892 -1.07578114939 -2.42442645787
4.980123 0.423774446494 0.438169653789 1.93529888963 -1.04897720417 1.88028456797 -1.07271317911 -2.4236594653
4.990125 0.423774446494 0.438169653789 1.93529888963 -1.04897720417 1.88028456797 -1.07271317911 -2.4236594653
5.000098 0.423774446494 0.438169653789 1.93529888963 -1.04897720417 1.88028456797 -1.07271317911 -2.4236594653
5.010134 0.423774446494 0.438169653789 1.93529888963 -1.04897720417 1.88028456797 -1.07271317911 -2.4236594653
5.020115 0.418405260093 0.448907549754 1.93759915208 -1.02711797556 1.8814346992 -1.06235877943 -2.41445555447
5.030133 0.418405260093 0.448907549754 1.93759915208 -1.02711797556 1.8814346992 -1.06235877943 -2.41445555447
5.040134 0.418405260093 0.448907549754 1.93759915208 -1.02711797556 1.8814346992 -1.06235877943 -2.41445555447
5.050156 0.418405260093 0.448907549754 1.93759915208 -1.02711797556 1.8814346992 -1.06235877943 -2.41445555447
5.060161 0.418405260093 0.448907549754 1.93759915208 -1.02711797556 1.8814346992 -1.06235877943 -2.41445555447
5.070148 0.413036550529 0.460028822795 1.94028362607 -1.00832671722 1.88258518805 -1.0508539505 -2.40563525914
5.080109 0.413036550529 0.460028822795 1.94028362607 -1.00832671722 1.88258518805 -1.0508539505 -2.40563525914
5.090143 0.413036550529 0.460028822795 1.94028362607 -1.00832671722 1.88258518805 -1.0508539505 -2.40563525914
5.100114 0.413036550529 0.460028822795 1.94028362607 -1.00832671722 1.88258518805 -1.0508539505 -2.40563525914
5.110130 0.407667364127 0.47153371133 1.94105133389 -0.989918955174 1.88181855311 -1.04011611414 -2.39834871052
5.120136 0.407667364127 0.47153371133 1.94105133389 -0.989918955174 1.88181855311 -1.04011611414 -2.39834871052
5.130140 0.407667364127 0.47153371133 1.94105133389 -0.989918955174 1.88181855311 -1.04011611414 -2.39834871052
5.140082 0.407667364127 0.47153371133 1.94105133389 -0.989918955174 1.88181855311 -1.04011611414 -2.39834871052
5.150116 0.407667364127 0.47153371133 1.94105133389 -0.989918955174 1.88181855311 -1.04011611414 -2.39834871052
5.160107 0.400380815513 0.483422096149 1.94335147713 -0.969210215417 1.88335253825 -1.02707724047 -2.3891447997
5.170135 0.400380815513 0.483422096149 1.94335147713 -0.969210215417 1.88335253825 -1.02707724047 -2.3891447997
5.180091 0.400380815513 0.483422096149 1.94335147713 -0.969210215417 1.88335253825 -1.02707724047 -2.3891447997
5.190121 0.400380815513 0.483422096149 1.94335147713 -0.969210215417 1.88335253825 -1.02707724047 -2.3891447997
5.200137 0.393861497886 0.493392880336 1.94488629674 -0.95195294222 1.88450266947 -1.01748989296 -2.38109149693
5.210096 0.393094743735 0.496077354327 1.94565293168 -0.948884971944 1.88450266947 -1.01518891525 -2.37994088887
5.220108 0.393094743735 0.496077354327 1.94565293168 -0.948884971944 1.88450266947 -1.01518891525 -2.37994088887
5.230125 0.393094743735 0.496077354327 1.94565293168 -0.948884971944 1.88450266947 -1.01518891525 -2.37994088887
5.240127 0.393094743735 0.496077354327 1.94565293168 -0.948884971944 1.88450266947 -1.01518891525 -2.37994088887
5.250088 0.393094743735 0.496077354327 1.94565293168 -0.948884971944 1.88450266947 -1.01518891525 -2.37994088887
5.260104 0.390410150535 0.502980287448 1.9468029437 -0.935462601987 1.88526966204 -1.00866947842 -2.37418856381
5.270108 0.390410150535 0.502980287448 1.9468029437 -0.935462601987 1.88526966204 -1.00866947842 -2.37418856381
5.280100 0.390410150535 0.502980287448 1.9468029437 -0.935462601987 1.88526966204 -1.00866947842 -2.37418856381
5.290113 0.390410150535 0.502980287448 1.9468029437 -0.935462601987 1.88526966204 -1.00866947842 -2.37418856381
5.300135 0.386958803184 0.510266716853 1.94757077073 -0.924724765626 1.88565315833 -1.004067523 -2.37073721646
5.310122 0.386958803184 0.510266716853 1.94757077073 -0.924724765626 1.88565315833 -1.004067523 -2.37073721646
5.320124 0.386958803184 0.510266716853 1.94757077073 -0.924724765626 1.88565315833 -1.004067523 -2.37073721646
5.330111 0.386958803184 0.510266716853 1.94757077073 -0.924724765626 1.88565315833 -1.004067523 -2.37073721646
5.340099 0.381206239707 0.514485175983 1.94718727444 -0.915137418118 1.8837356769 -0.997931642057 -2.36690225361
5.350070 0.381206239707 0.514485175983 1.94718727444 -0.915137418118 1.8837356769 -0.997931642057 -2.36690225361
5.360112 0.381206239707 0.514485175983 1.94718727444 -0.915137418118 1.8837356769 -0.997931642057 -2.36690225361
5.370138 0.381206239707 0.514485175983 1.94718727444 -0.915137418118 1.8837356769 -0.997931642057 -2.36690225361
5.380155 0.381206239707 0.514485175983 1.94718727444 -0.915137418118 1.8837356769 -0.997931642057 -2.36690225361
5.390165 0.378138269431 0.518320138828 1.9468029437 -0.905550011006 1.88450266947 -0.993713182928 -2.36421766041
5.400081 0.378521646506 0.517936642543 1.94833728646 -0.904783018437 1.88488652338 -0.992946190359 -2.36306729077
5.410139 0.378521646506 0.517936642543 1.94833728646 -0.904783018437 1.88488652338 -0.992946190359 -2.36306729077
5.420180 0.378521646506 0.517936642543 1.94833728646 -0.904783018437 1.88488652338 -0.992946190359 -2.36306729077
5.430118 0.378521646506 0.517936642543 1.94833728646 -0.904783018437 1.88488652338 -0.992946190359 -2.36306729077
5.440113 0.373919691093 0.522538597957 1.94948741769 -0.89903057417 1.8837356769 -0.990261716367 -2.36153330563
5.450155 0.373919691093 0.522538597957 1.94948741769 -0.89903057417 1.8837356769 -0.990261716367 -2.36153330563
5.460137 0.373919691093 0.522538597957 1.94948741769 -0.89903057417 1.8837356769 -0.990261716367 -2.36153330563
5.470102 0.373919691093 0.522538597957 1.94948741769 -0.89903057417 1.8837356769 -0.990261716367 -2.36153330563
5.480177 0.373919691093 0.522538597957 1.94948741769 -0.89903057417 1.8837356769 -0.990261716367 -2.36153330563
5.490133 0.371235574729 0.526757057086 1.9468029437 -0.893661626187 1.88488652338 -0.987193746091 -2.359615705
5.500110 0.371235574729 0.526757057086 1.9468029437 -0.893661626187 1.88488652338 -0.987193746091 -2.359615705
5.510111 0.371235574729 0.526757057086 1.9468029437 -0.893661626187 1.88488652338 -0.987193746091 -2.359615705
5.520132 0.371235574729 0.526757057086 1.9468029437 -0.893661626187 1.88488652338 -0.987193746091 -2.359615705
5.530116 0.368550981528 0.528291042224 1.9468029437 -0.889443167058 1.88526966204 -0.984125775816 -2.35846533536
5.540104 0.368550981528 0.528291042224 1.9468029437 -0.889443167058 1.88526966204 -0.984125775816 -2.35846533536
5.550086 0.368550981528 0.528291042224 1.9468029437 -0.889443167058 1.88526966204 -0.984125775816 -2.35846533536
5.560120 0.368550981528 0.528291042224 1.9468029437 -0.889443167058 1.88526966204 -0.984125775816 -2.35846533536
5.570126 0.368550981528 0.528291042224 1.9468029437 -0.889443167058 1.88526966204 -0.984125775816 -2.35846533536
5.580113 0.365099634177 0.530975516216 1.94872078275 -0.884457774964 1.88296868433 -0.980290812971 -2.35846533536
5.590098 0.365099634177 0.530975516216 1.94872078275 -0.884457774964 1.88296868433 -0.980290812971 -2.35846533536
5.600106 0.365099634177 0.530975516216 1.94872078275 -0.884457774964 1.88296868433 -0.980290812971 -2.35846533536
5.610141 0.365099634177 0.530975516216 1.94872078275 -0.884457774964 1.88296868433 -0.980290812971 -2.35846533536
5.620081 0.361264432914 0.533276493922 1.94641944741 -0.87985581955 1.88488652338 -0.978373331548 -2.35923232792
5.630057 0.360497678763 0.535193856136 1.94833728646 -0.880622812119 1.88450266947 -0.978373331548 -2.35884871243
5.640086 0.360497678763 0.535193856136 1.94833728646 -0.880622812119 1.88450266947 -0.978373331548 -2.35884871243
5.650088 0.360497678763 0.535193856136 1.94833728646 -0.880622812119 1.88450266947 -0.978373331548 -2.35884871243
5.660125 0.360497678763 0.535193856136 1.94833728646 -0.880622812119 1.88450266947 -0.978373331548 -2.35884871243
5.670104 0.360497678763 0.535193856136 1.94833728646 -0.880622812119 1.88450266947 -0.978373331548 -2.35884871243
5.680132 0.361647809989 0.535960848705 1.94872078275 -0.879088826981 1.88526966204 -0.976839406015 -2.35884871243
5.690109 0.361647809989 0.535960848705 1.94872078275 -0.879088826981 1.88526966204 -0.976839406015 -2.35884871243
5.700158 0.361647809989 0.535960848705 1.94872078275 -0.879088826981 1.88526966204 -0.976839406015 -2.35884871243
5.710125 0.361647809989 0.535960848705 1.94872078275 -0.879088826981 1.88526966204 -0.976839406015 -2.35884871243
5.720128 0.360881055839 0.53557735242 1.94833728646 -0.877938338128 1.88526966204 -0.977222842695 -2.35884871243
5.730108 0.360881055839 0.53557735242 1.94833728646 -0.877938338128 1.88526966204 -0.977222842695 -2.35884871243
5.740117 0.360881055839 0.53557735242 1.94833728646 -0.877938338128 1.88526966204 -0.977222842695 -2.35884871243
5.750146 0.360881055839 0.53557735242 1.94833728646 -0.877938338128 1.88526966204 -0.977222842695 -2.35884871243
5.760158 0.362031663901 0.534426863567 1.94795426701 -0.879088826981 1.88411917319 -0.978373331548 -2.35884871243
5.770095 0.362031663901 0.534426863567 1.94795426701 -0.879088826981 1.88411917319 -0.978373331548 -2.35884871243
5.780133 0.362031663901 0.534426863567 1.94795426701 -0.879088826981 1.88411917319 -0.978373331548 -2.35884871243
5.790086 0.362031663901 0.534426863567 1.94795426701 -0.879088826981 1.88411917319 -0.978373331548 -2.35884871243
5.800124 0.362031663901 0.534426863567 1.94795426701 -0.879088826981 1.88411917319 -0.978373331548 -2.35884871243
5.810093 0.360881055839 0.534810359851 1.94718727444 -0.879472323266 1.8837356769 -0.977222842695 -2.35923232792
5.820132 0.360881055839 0.53557735242 1.94718727444 -0.877938338128 1.88450266947 -0.977606338979 -2.35769834279
5.830133 0.360881055839 0.53557735242 1.94718727444 -0.877938338128 1.88450266947 -0.977606338979 -2.35769834279
5.840117 0.360881055839 0.53557735242 1.94718727444 -0.877938338128 1.88450266947 -0.977606338979 -2.35769834279
5.850121 0.360881055839 0.53557735242 1.94718727444 -0.877938338128 1.88450266947 -0.977606338979 -2.35769834279
5.860180 0.360881055839 0.534810359851 1.94833728646 -0.879088826981 1.88450266947 -0.977606338979 -2.35808171986
5.870125 0.360881055839 0.534810359851 1.94833728646 -0.879088826981 1.88450266947 -0.977606338979 -2.35808171986
5.880116 0.360881055839 0.534810359851 1.94833728646 -0.879088826981 1.88450266947 -0.977606338979 -2.35808171986
5.890129 0.360881055839 0.534810359851 1.94833728646 -0.879088826981 1.88450266947 -0.977606338979 -2.35808171986
5.900114 0.360881055839 0.534810359851 1.94833728646 -0.879088826981 1.88450266947 -0.977606338979 -2.35808171986
5.910128 0.361647809989 0.534426863567 1.94718727444 -0.879472323266 1.88411917319 -0.977222842695 -2.35693135022
5.920134 0.361647809989 0.534426863567 1.94718727444 -0.879472323266 1.88411917319 -0.977222842695 -2.35693135022
5.930111 0.361647809989 0.534426863567 1.94718727444 -0.879472323266 1.88411917319 -0.977222842695 -2.35693135022
5.940143 0.361647809989 0.534426863567 1.94718727444 -0.879472323266 1.88411917319 -0.977222842695 -2.35693135022
5.950122 0.361647809989 0.534426863567 1.94718727444 -0.879472323266 1.88411917319 -0.977222842695 -2.35693135022
5.960145 0.361647809989 0.53557735242 1.94833728646 -0.878321834412 1.88411917319 -0.977606338979 -2.35884871243
5.970113 0.361647809989 0.53557735242 1.94833728646 -0.878321834412 1.88411917319 -0.977606338979 -2.35884871243
5.980128 0.361647809989 0.53557735242 1.94833728646 -0.878321834412 1.88411917319 -0.977606338979 -2.35884871243
5.990112 0.361647809989 0.53557735242 1.94833728646 -0.878321834412 1.88411917319 -0.977606338979 -2.35884871243
6.000130 0.361264432914 0.534810359851 1.94795426701 -0.87985581955 1.88450266947 -0.977989835264 -2.35769834279
6.010078 0.361647809989 0.536727841274 1.94795426701 -0.87985581955 1.88450266947 -0.977606338979 -2.35808171986
6.020096 0.361647809989 0.536727841274 1.94795426701 -0.87985581955 1.88450266947 -0.977606338979 -2.35808171986
6.030140 0.361647809989 0.536727841274 1.94795426701 -0.87985581955 1.88450266947 -0.977606338979 -2.35808171986
6.040136 0.361647809989 0.536727841274 1.94795426701 -0.87985581955 1.88450266947 -0.977606338979 -2.35808171986
6.050144 0.361647809989 0.536727841274 1.94795426701 -0.87985581955 1.88450266947 -0.977606338979 -2.35808171986
6.060116 0.361264432914 0.533659990207 1.94757077073 -0.877554841843 1.88335253825 -0.977989835264 -2.35846533536
6.070115 0.361264432914 0.533659990207 1.94757077073 -0.877554841843 1.88335253825 -0.977989835264 -2.35846533536
6.080120 0.361264432914 0.533659990207 1.94757077073 -0.877554841843 1.88335253825 -0.977989835264 -2.35846533536
6.090136 0.361264432914 0.533659990207 1.94757077073 -0.877554841843 1.88335253825 -0.977989835264 -2.35846533536
6.100162 0.360881055839 0.534043486491 1.94718727444 -0.878321834412 1.8837356769 -0.977606338979 -2.35769834279
6.110142 0.360881055839 0.534043486491 1.94718727444 -0.878321834412 1.8837356769 -0.977606338979 -2.35769834279
6.120094 0.360881055839 0.534043486491 1.94718727444 -0.878321834412 1.8837356769 -0.977606338979 -2.35769834279
6.130128 0.360881055839 0.534043486491 1.94718727444 -0.878321834412 1.8837356769 -0.977606338979 -2.35769834279
6.140136 0.362798418052 0.535193856136 1.94718727444 -0.879472323266 1.88335253825 -0.977989835264 -2.35884871243
6.150119 0.362798418052 0.535193856136 1.94718727444 -0.879472323266 1.88335253825 -0.977989835264 -2.35884871243
6.160106 0.362798418052 0.535193856136 1.94718727444 -0.879472323266 1.88335253825 -0.977989835264 -2.35884871243
6.170148 0.362798418052 0.535193856136 1.94718727444 -0.879472323266 1.88335253825 -0.977989835264 -2.35884871243
6.180135 0.362798418052 0.535193856136 1.94718727444 -0.879472323266 1.88335253825 -0.977989835264 -2.35884871243
6.190074 0.361264432914 0.534426863567 1.94718727444 -0.879472323266 1.88450266947 -0.977222842695 -2.35846533536
6.200133 0.362031663901 0.532892997638 1.9468029437 -0.87985581955 1.88411917319 -0.976839406015 -2.35846533536
6.210118 0.362031663901 0.532892997638 1.9468029437 -0.87985581955 1.88411917319 -0.976839406015 -2.35846533536
6.220131 0.362031663901 0.532892997638 1.9468029437 -0.87985581955 1.88411917319 -0.976839406015 -2.35846533536
6.230136 0.362031663901 0.532892997638 1.9468029437 -0.87985581955 1.88411917319 -0.976839406015 -2.35846533536
6.240107 0.360881055839 0.534810359851 1.94795426701 -0.878321834412 1.88335253825 -0.976072413446 -2.35846533536
6.250129 0.360881055839 0.534810359851 1.94795426701 -0.878321834412 1.88335253825 -0.976072413446 -2.35846533536
6.260131 0.360881055839 0.534810359851 1.94795426701 -0.878321834412 1.88335253825 -0.976072413446 -2.35846533536
6.270114 0.360881055839 0.534810359851 1.94795426701 -0.878321834412 1.88335253825 -0.976072413446 -2.35846533536
6.280066 0.360881055839 0.534810359851 1.94795426701 -0.878321834412 1.88335253825 -0.976072413446 -2.35846533536
6.290053 0.360497678763 0.535193856136 1.94641944741 -0.879472323266 1.88335253825 -0.977989835264 -2.35846533536
6.300060 0.360497678763 0.535193856136 1.94641944741 -0.879472323266 1.88335253825 -0.977989835264 -2.35846533536
6.310077 0.360497678763 0.535193856136 1.94641944741 -0.879472323266 1.88335253825 -0.977989835264 -2.35846533536
6.320086 0.360497678763 0.535193856136 1.94641944741 -0.879472323266 1.88335253825 -0.977989835264 -2.35846533536
6.330109 0.361647809989 0.534043486491 1.9468029437 -0.879088826981 1.88488652338 -0.977989835264 -2.35923232792
6.340116 0.361647809989 0.534043486491 1.9468029437 -0.879088826981 1.88488652338 -0.977989835264 -2.35923232792
6.350085 0.361647809989 0.534043486491 1.9468029437 -0.879088826981 1.88488652338 -0.977989835264 -2.35923232792
6.360118 0.361647809989 0.534043486491 1.9468029437 -0.879088826981 1.88488652338 -0.977989835264 -2.35923232792
6.370111 0.361647809989 0.534043486491 1.9468029437 -0.879088826981 1.88488652338 -0.977989835264 -2.35923232792
6.380083 0.361647809989 0.534426863567 1.94872078275 -0.880239315835 1.88411917319 -0.977606338979 -2.35808171986
6.390112 0.361647809989 0.534426863567 1.94872078275 -0.880239315835 1.88411917319 -0.977606338979 -2.35808171986
6.400104 0.361647809989 0.534426863567 1.94872078275 -0.880239315835 1.88411917319 -0.977606338979 -2.35808171986
6.410138 0.361647809989 0.534426863567 1.94872078275 -0.880239315835 1.88411917319 -0.977606338979 -2.35808171986
6.420119 0.362031663901 0.53557735242 1.94795426701 -0.878705330697 1.88335253825 -0.977222842695 -2.35808171986
6.430116 0.361264432914 0.534043486491 1.9468029437 -0.877554841843 1.88335253825 -0.976455909731 -2.35846533536
6.440122 0.361264432914 0.534043486491 1.9468029437 -0.877554841843 1.88335253825 -0.976455909731 -2.35846533536
6.450123 0.361264432914 0.534043486491 1.9468029437 -0.877554841843 1.88335253825 -0.976455909731 -2.35846533536
6.460103 0.361264432914 0.534043486491 1.9468029437 -0.877554841843 1.88335253825 -0.976455909731 -2.35846533536
6.470124 0.361264432914 0.534043486491 1.9468029437 -0.877554841843 1.88335253825 -0.976455909731 -2.35846533536
6.480141 0.361264432914 0.533659990207 1.94641944741 -0.87985581955 1.8837356769 -0.979140324117 -2.35923232792
6.490118 0.361264432914 0.533659990207 1.94641944741 -0.87985581955 1.8837356769 -0.979140324117 -2.35923232792
6.500134 0.361264432914 0.533659990207 1.94641944741 -0.87985581955 1.8837356769 -0.979140324117 -2.35923232792
6.510135 0.361264432914 0.533659990207 1.94641944741 -0.87985581955 1.8837356769 -0.979140324117 -2.35923232792
6.520126 0.361647809989 0.534426863567 1.94603642796 -0.87985581955 1.8837356769 -0.977606338979 -2.35769834279
6.530101 0.361647809989 0.534426863567 1.94603642796 -0.87985581955 1.8837356769 -0.977606338979 -2.35769834279
6.540112 0.361647809989 0.534426863567 1.94603642796 -0.87985581955 1.8837356769 -0.977606338979 -2.35769834279
6.550126 0.361647809989 0.534426863567 1.94603642796 -0.87985581955 1.8837356769 -0.977606338979 -2.35769834279
6.560129 0.361264432914 0.534810359851 1.9468029437 -0.880622812119 1.8837356769 -0.976839406015 -2.35769834279
6.570105 0.361264432914 0.534810359851 1.9468029437 -0.880622812119 1.8837356769 -0.976839406015 -2.35769834279
6.580155 0.361264432914 0.534810359851 1.9468029437 -0.880622812119 1.8837356769 -0.976839406015 -2.35769834279
6.590102 0.361264432914 0.534810359851 1.9468029437 -0.880622812119 1.8837356769 -0.976839406015 -2.35769834279
6.600117 0.361264432914 0.534810359851 1.9468029437 -0.880622812119 1.8837356769 -0.976839406015 -2.35769834279
6.610105 0.362031663901 0.534043486491 1.94718727444 -0.879472323266 1.88411917319 -0.977606338979 -2.35769834279
6.620117 0.361647809989 0.533659990207 1.94795426701 -0.879088826981 1.88488652338 -0.977989835264 -2.35884871243
6.630093 0.361647809989 0.533659990207 1.94795426701 -0.879088826981 1.88488652338 -0.977989835264 -2.35884871243
6.640061 0.361647809989 0.533659990207 1.94795426701 -0.879088826981 1.88488652338 -0.977989835264 -2.35884871243
6.650094 0.361647809989 0.533659990207 1.94795426701 -0.879088826981 1.88488652338 -0.977989835264 -2.35884871243
6.660124 0.361647809989 0.534043486491 1.94641944741 -0.879088826981 1.88411917319 -0.976839406015 -2.35846533536
6.670081 0.361647809989 0.534043486491 1.94641944741 -0.879088826981 1.88411917319 -0.976839406015 -2.35846533536
6.680104 0.361647809989 0.534043486491 1.94641944741 -0.879088826981 1.88411917319 -0.976839406015 -2.35846533536
6.690113 0.361647809989 0.534043486491 1.94641944741 -0.879088826981 1.88411917319 -0.976839406015 -2.35846533536
6.700130 0.361647809989 0.534043486491 1.94641944741 -0.879088826981 1.88411917319 -0.976839406015 -2.35846533536
6.710153 0.360497678763 0.535960848705 1.94603642796 -0.87985581955 1.8837356769 -0.977606338979 -2.35808171986
6.720096 0.360497678763 0.535960848705 1.94603642796 -0.87985581955 1.8837356769 -0.977606338979 -2.35808171986
6.730127 0.360497678763 0.535960848705 1.94603642796 -0.87985581955 1.8837356769 -0.977606338979 -2.35808171986
6.740112 0.360497678763 0.535960848705 1.94603642796 -0.87985581955 1.8837356769 -0.977606338979 -2.35808171986
6.750097 0.360881055839 0.534426863567 1.94641944741 -0.879088826981 1.88296868433 -0.977989835264 -2.35808171986
6.760127 0.360881055839 0.534426863567 1.94641944741 -0.879088826981 1.88296868433 -0.977989835264 -2.35808171986
6.770108 0.360881055839 0.534426863567 1.94641944741 -0.879088826981 1.88296868433 -0.977989835264 -2.35808171986
6.780138 0.360881055839 0.534426863567 1.94641944741 -0.879088826981 1.88296868433 -0.977989835264 -2.35808171986
6.790129 0.360881055839 0.534426863567 1.94641944741 -0.879088826981 1.88296868433 -0.977989835264 -2.35808171986
6.800136 0.361647809989 0.534426863567 1.94757077073 -0.879088826981 1.88335253825 -0.978373331548 -2.35846533536
6.810123 0.361647809989 0.534426863567 1.94757077073 -0.879088826981 1.88335253825 -0.978373331548 -2.35846533536
6.820113 0.361647809989 0.534426863567 1.94757077073 -0.879088826981 1.88335253825 -0.978373331548 -2.35846533536
6.830136 0.361647809989 0.534426863567 1.94757077073 -0.879088826981 1.88335253825 -0.978373331548 -2.35846533536
6.840102 0.361264432914 0.53557735242 1.94718727444 -0.87985581955 1.88411917319 -0.977989835264 -2.35769834279
6.850102 0.360881055839 0.534426863567 1.94641944741 -0.877554841843 1.88335253825 -0.976072413446 -2.35808171986
6.860127 0.360881055839 0.534426863567 1.94641944741 -0.877554841843 1.88335253825 -0.976072413446 -2.35808171986
6.870115 0.360881055839 0.534426863567 1.94641944741 -0.877554841843 1.88335253825 -0.976072413446 -2.35808171986
6.880094 0.360881055839 0.534426863567 1.94641944741 -0.877554841843 1.88335253825 -0.976072413446 -2.35808171986
6.890106 0.360881055839 0.534426863567 1.94641944741 -0.877554841843 1.88335253825 -0.976072413446 -2.35808171986
6.900107 0.362031663901 0.534043486491 1.9468029437 -0.879088826981 1.88450266947 -0.977222842695 -2.35923232792
6.910121 0.362031663901 0.534043486491 1.9468029437 -0.879088826981 1.88450266947 -0.977222842695 -2.35923232792
