0.235056600861389 -0.03210818683614 0.644362823726525 0.510456321418958 0.476846158995366 -0.438947311825643 0.565134799862682
0.235700814164016 -0.031247187227587 0.644206096084271 0.511676715906302 0.476259370394773 -0.438771024601702 0.564662676719906
0.240334492428198 -0.023081587929661 0.64350621882825 0.517075024627024 0.477566404243255 -0.432560579401411 0.563431534077607
0.244863864903624 -0.019538027770504 0.642490644194788 0.518877750999874 0.473850051844086 -0.433118338203604 0.564482517883786
0.246877349636894 -0.026012722900762 0.64126954776356 0.511238492892277 0.463550311445288 -0.445293819109547 0.570499541460853
0.246782436413459 -0.034538153556196 0.640598630453917 0.502292138634213 0.453401020005746 -0.45912198278004 0.575618908178095
0.246436062801072 -0.03671599701567 0.639186823377924 0.50407288960118 0.446463081818143 -0.471152729878358 0.569733572532578
0.252201907387446 -0.02753232668064 0.63694234250887 0.521207262139957 0.441132389079769 -0.477070422011791 0.553307344645665
0.254038633052728 -0.028232488085282 0.636071720023865 0.525672279004465 0.434069840109193 -0.485864531230517 0.546980517281906
0.256260337820463 -0.029000768045182 0.635655144780135 0.524173709752216 0.429425007837775 -0.492585216910719 0.546073153276324
0.256001233628284 -0.029480950354921 0.635181349753631 0.502619518767439 0.439470953462151 -0.491580205712361 0.55909552114898
0.256176283999128 -0.029580095497932 0.635116054979218 0.476378213414538 0.454611556140599 -0.484928987550404 0.575531065921498
0.259905215958662 -0.026995898442817 0.635168162850849 0.458806893809169 0.465934009781781 -0.477974167274545 0.586466050287704
0.262780966266439 -0.026475972265612 0.635744879616152 0.452153370035898 0.469055028755521 -0.479904928174758 0.587567842787468
0.269335124445555 -0.026030808145335 0.637217830278819 0.453919128287876 0.464859037699786 -0.491428912953933 0.579966484855909
0.274702607878061 -0.023448198370098 0.638891151938685 0.455685058369388 0.463768408497004 -0.496830606281067 0.574829835274259
0.281221221157818 -0.022815462033266 0.64199492748743 0.449916258964563 0.463554113114095 -0.500925939842584 0.57599144692188
0.284292022460327 -0.028489243408918 0.646070982313552 0.437383847349209 0.46134304361997 -0.512040058262812 0.57764430657255
0.290365049494187 -0.030292729027993 0.650289616606268 0.432037411529838 0.459292239199834 -0.51789939195961 0.578078311180472
0.29883591622396 -0.027155612891771 0.654684796071596 0.432934477813537 0.459433901776992 -0.519586107296698 0.575776436581555
0.309302948547847 -0.022488945826935 0.658961205645671 0.439055305214954 0.457466344952211 -0.518599863314211 0.573593204256422
0.32324150882047 -0.020675771279637 0.66608912218354 0.445890848108609 0.450982143500124 -0.520945610734232 0.571324888722482
0.340076568930672 -0.020465196079845 0.676799207881836 0.450931265457384 0.444044064337792 -0.524066141190399 0.569947841839218
0.352197312819646 -0.018074376775875 0.684976317591078 0.45351145985868 0.444731832444988 -0.521579695430162 0.569645130148544
0.363758646715706 -0.013773002726098 0.692915063867776 0.455399119509115 0.447325807504652 -0.515622685612644 0.571528223250819
0.379978405804321 -0.009559201232948 0.705078018266084 0.460351479719991 0.445932558872578 -0.510371324550311 0.573360078078105
0.390849572851679 -0.011586263747384 0.715217807291265 0.461829820978055 0.440934379541775 -0.511171157153851 0.575320899574733
0.405926202544557 -0.015735490476848 0.730170397337933 0.463738961115383 0.433294622042122 -0.511613217605925 0.57918378950374
0.416908811507647 -0.017260501616255 0.741237947231957 0.466272565361899 0.429406809219575 -0.509506573850528 0.58189581386172
0.432868852669902 -0.020328086286072 0.75826518320069 0.468501632634474 0.423791530802375 -0.504524588288446 0.588525189309164
0.449711695514392 -0.029039149078425 0.780038040380165 0.468079006254754 0.413095422914132 -0.5029411047067 0.597749496584782
0.458783634557583 -0.03824683167283 0.795741275526619 0.461399160115395 0.408668528583651 -0.502020763989141 0.606692674518031
0.46770349844017 -0.041976232867407 0.80771331607474 0.461607733580168 0.404915876376908 -0.49728396911312 0.612919315587299
0.480254032355102 -0.042666055738013 0.822028520504916 0.46675806801903 0.40123563283076 -0.486612180680269 0.619964078394576
0.486871946495061 -0.046041834203571 0.831927899670393 0.467018364586325 0.396374327220781 -0.483440819183412 0.625352871750549
0.489798108571817 -0.05816492923193 0.844834770149329 0.45228267459026 0.388662458363512 -0.488631740533754 0.636883739678811
0.491097745133318 -0.068143905342117 0.856749656280435 0.43234201316284 0.383347595780256 -0.493211907339984 0.650282260962003
0.497815098728087 -0.062983825391021 0.866436684909795 0.428114016580142 0.379939461011456 -0.485740086160049 0.660621649260127
0.504122000393247 -0.060192840983913 0.876324238585715 0.429828079646809 0.371248214710389 -0.482667278671914 0.666674495628065
0.508534329083543 -0.062261908125097 0.885141198112387 0.437503611593751 0.357657622342261 -0.486399644810525 0.666398529823633
0.513608290762371 -0.066130066898574 0.896257400190484 0.450289480103154 0.338420025834441 -0.492619527980338 0.663353051455315
0.516317397181457 -0.070538544587858 0.904962832362199 0.457037524137974 0.323463315909779 -0.498570253362547 0.661752134301422
0.520099708069847 -0.072955299671052 0.915768310796566 0.461624668747589 0.309763480310114 -0.501063133517911 0.663238258621332
0.52655436509 -0.063394975174801 0.926265495602234 0.464849535634322 0.304624683493901 -0.491889562280781 0.670196515916054
0.52888359890627 -0.059917446925682 0.935246015199399 0.465349115751305 0.29504085367716 -0.49185795187939 0.67414898227613
0.529300565838876 -0.059902260157948 0.940693456651238 0.463380716351365 0.288818929010111 -0.4937026387429 0.676845360815486
0.53077505300333 -0.056290419979427 0.946717175312446 0.4628362020852 0.283718010145072 -0.492249662160839 0.680424140416262
0.533118741957999 -0.04793795572872 0.949846396010369 0.463423536042002 0.284754691882794 -0.485520555103945 0.684414481337603
0.534635727385575 -0.03982198044291 0.952981584437826 0.46185764555789 0.285645918209929 -0.479673619509574 0.689207619949398
0.534533807318438 -0.033631279389298 0.955438179351302 0.456703309975899 0.285811229572895 -0.476726590652665 0.694597570879552
0.53531844413409 -0.02296270368818 0.955707686013105 0.456171814366336 0.289455800567441 -0.469888109660836 0.698088661772237
0.536020828899917 -0.016027521626715 0.95395125466684 0.465963116746995 0.290517153331563 -0.466983830721783 0.693112010641831
0.536234887302023 -0.010915604022874 0.952960578592339 0.47575934063775 0.289225540336784 -0.466526435912939 0.687280671347012
0.536193594747019 -0.004637270458988 0.952279696206684 0.482415654382867 0.288690505109117 -0.465250696148071 0.683721228571944
0.535843085299763 0.000622756744782 0.95206453627056 0.485262529024411 0.288774572005769 -0.463890325378068 0.68259452862468
0.53309062559915 0.00777188819599 0.948820986468683 0.485598856679622 0.290062535792729 -0.464860812976435 0.68114748790539
0.529890693987589 0.012233575384555 0.944880797779329 0.482859275696628 0.292013847750782 -0.466860260000538 0.680893773086331
0.524734220957481 0.015395439474357 0.937822888116594 0.479944437079875 0.293743684005475 -0.472713555467417 0.678166557639292
0.520289701299554 0.016334798592795 0.932920580058729 0.46795180246595 0.300239352158092 -0.474672843743145 0.682321869352986
0.517306974135331 0.022202566234986 0.929742457073719 0.458508367056544 0.308290319967202 -0.471526460642185 0.687306302072021
0.513530056248857 0.018461523558187 0.928676823839249 0.446527605536947 0.309890005636847 -0.476250045763981 0.691207042650494
0.503698204300061 -0.004286422577185 0.930816422884739 0.414155462521132 0.304781175147276 -0.498382046153144 0.697996435672818
0.497364955752501 -0.022542818214101 0.933764150491658 0.398708958400012 0.297541038279675 -0.516339719164851 0.697060823345993
0.491089069219478 -0.040692603454825 0.933288997903204 0.406485229924342 0.286145858742991 -0.538706479436034 0.680209992863399
0.480220953057088 -0.061749116557621 0.932164680820793 0.422034296749442 0.268728777058782 -0.569897941961033 0.651834513121447
0.464644746579774 -0.081703881427109 0.93295783656734 0.415150408945094 0.262172633192243 -0.598867159920646 0.632671931672607
0.45278843073169 -0.09799701469417 0.93451252973652 0.392591617502821 0.272638895235355 -0.613233627376392 0.628875482847086
0.443562770241869 -0.113453835024615 0.934938577666467 0.356619351984647 0.301608951755271 -0.614825733223967 0.635487211340046
0.438629420329958 -0.120559923615047 0.934462626453946 0.332677214999491 0.327107708022619 -0.609847551356015 0.640634359114031
0.431432378252622 -0.126898132273023 0.932924314778198 0.318522796787925 0.349481214442835 -0.61128103131811 0.634619263360818
0.42650210615947 -0.129988650528008 0.932817551552576 0.321796342628675 0.356283360831983 -0.619903100945904 0.620668531587294
0.422850766652241 -0.130141003735566 0.937156707526859 0.334057082572996 0.364645830380352 -0.627370186876265 0.601536310282166
0.430310706362864 -0.129276436664597 0.946292368689299 0.343687753889166 0.37958621027936 -0.618439787258228 0.596091659334678
0.436217930361182 -0.130895057556705 0.95737383041175 0.351286296377287 0.393850124640258 -0.611795492748041 0.589225162693825
0.436947100056525 -0.134360384059903 0.966324270961801 0.357719240983296 0.401543451884708 -0.61364063292179 0.578139234532818
0.439187013058381 -0.141176609815674 0.98031859378518 0.359507420510006 0.411143418783978 -0.617713738728236 0.565813786307163
0.443283558599528 -0.144919224576813 0.991893085151055 0.359406041803586 0.416197303916528 -0.620725228710193 0.558844604313552
0.450990865396743 -0.148595627947241 1.00584084689191 0.359537411594163 0.419333475813589 -0.623269838562532 0.553558482966794
0.45624909008445 -0.151800564793847 1.01973238128168 0.360123502263468 0.422639882076269 -0.629705370998671 0.543284215610464
0.47137293679769 -0.156092799896683 1.03870076643125 0.362249098784474 0.420793646468863 -0.633239785295875 0.539180555880595
0.488940205005846 -0.159620474761462 1.05327232123764 0.367454672489948 0.410977832585808 -0.631118078514696 0.545677794820621
0.503212095491778 -0.161410820700987 1.06688460352241 0.372976614666595 0.40067568230144 -0.631060005956566 0.549645987346603
0.511846413118629 -0.160962937852178 1.08124642189 0.373399948204405 0.396769223677794 -0.634027668376032 0.548776436772499
0.524018395451399 -0.157040620006405 1.09535212056518 0.37504002757569 0.392463878290071 -0.631868620959155 0.553226109109755
0.544124848969478 -0.14330835467045 1.10906157801964 0.393280506704941 0.387777003823765 -0.619962667867186 0.557320131344966
0.559089151011476 -0.130375036882417 1.11704081712283 0.419567231728322 0.386559970281145 -0.608423041943722 0.551684809894219
0.586439559154723 -0.11160991021289 1.13376064255184 0.459268412605205 0.397720851319136 -0.575353092945993 0.547594254942979
0.596879918860895 -0.101897316908237 1.14501501160247 0.468655641183882 0.409273787450244 -0.557944983561982 0.549139556224715
0.602434297160987 -0.097176585246896 1.15490975078216 0.469502530672293 0.417691802339054 -0.5485250796855 0.551562479604153
0.610907429295593 -0.093383800442642 1.16051560242242 0.475281865220468 0.417488631457323 -0.545773504313412 0.54949219574613
0.624021433624808 -0.086283372595474 1.16319475941166 0.485983126152115 0.412097655146323 -0.5421658268402 0.547770152459042
0.636883260138081 -0.081995936421663 1.16603075155734 0.494155936942144 0.403347360704421 -0.541764073417059 0.547368710607544
0.642416992070091 -0.078019541791488 1.16686615585408 0.49713893996887 0.401207348008305 -0.543602420157744 0.544409723525778
0.652458582487486 -0.073552699181176 1.16642939844011 0.499953596190474 0.399010503282808 -0.543003183916381 0.544044632528331
0.667878901884385 -0.068487901835956 1.16699603498302 0.497667766688017 0.397193408766531 -0.538213514064831 0.552168817763345
0.680731279994027 -0.063415280856035 1.16777989930769 0.496554366611669 0.395882001804071 -0.533221393882609 0.558915151657542
0.693692646370134 -0.057649082809552 1.16884795258072 0.499010870978549 0.39426556164056 -0.525610419337714 0.565045577483017
0.711723781762881 -0.050651126768493 1.16943965322877 0.501498918526479 0.391963430633556 -0.51611246149943 0.573141719688721
0.72543300072805 -0.0529891571256 1.17116378140284 0.508813476603565 0.386932104566178 -0.510092631174371 0.575497958384031
0.743538975850229 -0.053085529186902 1.17132694101219 0.51692465065451 0.383161940994024 -0.500840040878301 0.578908529883976
0.758429144074301 -0.049565680649835 1.16487249212555 0.520390347843422 0.384492094242916 -0.494132981274499 0.580682626012587
0.767061572219515 -0.050744250531999 1.14819011889107 0.515267419476309 0.388471980952857 -0.497935689575198 0.579352272359451
0.774882598714904 -0.050159676275195 1.1367824049018 0.510773501630886 0.391378582646415 -0.498691636535051 0.580723588919374
0.788014499469239 -0.048300051043305 1.13663557850518 0.506761506421801 0.389818577092462 -0.493585917046115 0.589582220777104
0.787882826393319 -0.044938263522695 1.13661216315426 0.502100618371187 0.397372648559384 -0.495431218541176 0.586973470357031
0.782577586510491 -0.037994654027659 1.13168247280013 0.493390122430205 0.413590145366428 -0.5016910339235 0.577767674091285
0.780245646773461 -0.037335962093086 1.12105201572075 0.486333051245384 0.42348979880789 -0.508489561758439 0.570591727204941
0.785509512637257 -0.037549833180884 1.10431896974559 0.480731363676502 0.429361092327494 -0.510580813378754 0.569081401367644
0.793810367075863 -0.037229264774835 1.0901588619703 0.477301929314229 0.430836660747764 -0.50872836809703 0.572501604820426
0.804589072520899 -0.03763669450863 1.08137044361196 0.472571040030533 0.429312927792028 -0.50511695999252 0.58070980608477
0.807185255130559 -0.038838803594989 1.08112014755579 0.465788709347308 0.432649133099584 -0.506005734337607 0.582935504743198
0.801388330868269 -0.03519091894386 1.08025015323604 0.457221586627258 0.442231704177364 -0.511670594623447 0.577557566949065
0.796172820112123 -0.034657889949022 1.07855709888139 0.449882038831887 0.450345454114121 -0.516523010615558 0.572712059066205
0.795348168734622 -0.038120174137088 1.07184823787664 0.442654587015393 0.454383595800181 -0.521253559759422 0.570865300136609
0.797863756924166 -0.037197947991128 1.06311404790281 0.442725077571167 0.458960368929702 -0.519241797936231 0.568979648772666
0.803526853828442 -0.034587861947694 1.05477513821494 0.445098204881451 0.463351201865253 -0.51299049699809 0.569239845522947
0.809313099107777 -0.037364816338719 1.05301334875148 0.447169688057294 0.463039420240213 -0.50829283351535 0.572077058431193
0.805722739764753 -0.039831704091689 1.05381935864735 0.444866007603484 0.468965615165523 -0.510882920038886 0.566713445300093
0.799870532029659 -0.03805994626083 1.05384249992741 0.442127660144219 0.478779845902755 -0.512699702001981 0.558956176153205
0.797170317746679 -0.037341266426273 1.05448183618451 0.440319681767753 0.486633186147789 -0.511664487708599 0.554532390402485
0.797847569804923 -0.041566000087476 1.05510236071203 0.438756787842511 0.486549212754434 -0.512039982126834 0.555497435992024
0.797779115039013 -0.047175142572613 1.0531972930808 0.437208630901493 0.487409351864302 -0.513664057130419 0.554463680679611
0.799324123954131 -0.051222891597956 1.05019486040714 0.436567693969074 0.486884820288801 -0.513899132761475 0.555211222600795
0.800108989058641 -0.053733409138498 1.04110912904376 0.432967355965378 0.489545727611053 -0.514503004435262 0.555131432791554
0.80260879141278 -0.051129857888185 1.03830936778022 0.42978104237096 0.489555614793695 -0.512404001926006 0.559522738101601
0.806697361738888 -0.045665906052861 1.04170824231447 0.429372455607869 0.488471499640239 -0.506187081780091 0.566400500214679
0.809015839164223 -0.044638864274263 1.04504018219084 0.428950612500979 0.486542677626347 -0.503376902341722 0.570867137845639
