0.061554 1.42224970857 0.435571496882 1.53951109653 -1.83768725598 2.02530079845 -1.68282543176 0.433134930045
0.061616 1.42224970857 0.435571496882 1.53951109653 -1.83768725598 2.02530079845 -1.68282543176 0.433134930045
0.071719 1.42301693956 0.436338489451 1.53874446159 -1.83768725598 2.02530079845 -1.68397592062 0.432367579849
0.081702 1.42224970857 0.434804504313 1.53989459281 -1.83692026342 2.02530079845 -1.68359242433 0.432367579849
0.091673 1.42224970857 0.434804504313 1.53989459281 -1.83692026342 2.02530079845 -1.68359242433 0.432367579849
0.101699 1.42224970857 0.436721985735 1.53951109653 -1.8373037597 2.02376681331 -1.68320892805 0.433134930045
0.111701 1.42301693956 0.43710548202 1.53912760024 -1.83768725598 2.02645116809 -1.68244193548 0.433134930045
0.121686 1.42224970857 0.436721985735 1.54066230064 -1.8373037597 2.02606731418 -1.68320892805 0.433134930045
0.131721 1.42301693956 0.435571496882 1.54027880435 -1.83768725598 2.02606731418 -1.68359242433 0.432367579849
0.141679 1.42301693956 0.437488978304 1.53951109653 -1.83615327085 2.0256839371 -1.68359242433 0.433134930045
0.151688 1.42301693956 0.435188000597 1.54066230064 -1.83845424855 2.02645116809 -1.68397592062 0.433901564986
0.161691 1.42301693956 0.436338489451 1.54027880435 -1.8373037597 2.02606731418 -1.68282543176 0.433134930045
0.171703 1.42378369371 0.435571496882 1.54066230064 -1.83768725598 2.0256839371 -1.68397592062 0.433134930045
0.181700 1.42263356248 0.436338489451 1.54066230064 -1.83692026342 2.02453332904 -1.68359242433 0.43351842633
0.191685 1.42301693956 0.435954993166 1.53989459281 -1.83807075227 2.02530079845 -1.68359242433 0.43351842633
0.201690 1.42263356248 0.435571496882 1.54104543929 -1.83807075227 2.02530079845 -1.68397592062 0.43351842633
0.211691 1.42301693956 0.435571496882 1.53951109653 -1.83768725598 2.0256839371 -1.68282543176 0.432367579849
0.221707 1.42378369371 0.434804504313 1.54027880435 -1.8373037597 2.0256839371 -1.68244193548 0.432367579849
0.231705 1.42263356248 0.435188000597 1.53989459281 -1.8373037597 2.02606731418 -1.68359242433 0.431984441192
0.241661 1.42301693956 0.435571496882 1.53989459281 -1.83768725598 2.02491718295 -1.68359242433 0.433134930045
0.251691 1.42224970857 0.435954993166 1.53989459281 -1.83768725598 2.02530079845 -1.68359242433 0.431984441192
0.261700 1.42263356248 0.434804504313 1.54027880435 -1.83692026342 2.02606731418 -1.68320892805 0.433134930045
0.271712 1.42301693956 0.435188000597 1.54066230064 -1.83768725598 2.02530079845 -1.68282543176 0.432367579849
0.281695 1.42224970857 0.435188000597 1.53989459281 -1.83768725598 2.02453332904 -1.68320892805 0.433901564986
0.291698 1.42301693956 0.435571496882 1.54027880435 -1.8373037597 2.02645116809 -1.68359242433 0.434285418899
0.301702 1.42224970857 0.435954993166 1.54027880435 -1.83845424855 2.0256839371 -1.6843594169 0.432751433761
0.311700 1.42263356248 0.435571496882 1.53989459281 -1.83807075227 2.02530079845 -1.68282543176 0.432367579849
0.321703 1.42263356248 0.434804504313 1.54027880435 -1.83692026342 2.02645116809 -1.68397592062 0.43351842633
0.331701 1.42378369371 0.435571496882 1.54027880435 -1.83768725598 2.02530079845 -1.68359242433 0.433901564986
0.341701 1.42340031663 0.435954993166 1.53912760024 -1.8373037597 2.02530079845 -1.68282543176 0.432751433761
0.351682 1.42301693956 0.435954993166 1.54027880435 -1.83768725598 2.02491718295 -1.68359242433 0.433901564986
0.361706 1.42340031663 0.435188000597 1.54066230064 -1.83692026342 2.02530079845 -1.68397592062 0.432751433761
0.371700 1.42263356248 0.435954993166 1.54027880435 -1.8373037597 2.0256839371 -1.68320892805 0.43351842633
0.381700 1.42263356248 0.435954993166 1.53912760024 -1.83807075227 2.0256839371 -1.68359242433 0.43351842633
0.391701 1.42340031663 0.436338489451 1.53989459281 -1.8373037597 2.02491718295 -1.68282543176 0.434285418899
0.401704 1.42224970857 0.435571496882 1.54027880435 -1.83768725598 2.02530079845 -1.68359242433 0.43351842633
0.411699 1.42378369371 0.434804504313 1.54027880435 -1.83768725598 2.02606731418 -1.68320892805 0.43160097471
0.421701 1.42301693956 0.435571496882 1.53989459281 -1.83768725598 2.02606731418 -1.68359242433 0.43351842633
0.431707 1.42263356248 0.434421008028 1.54066230064 -1.8373037597 2.0256839371 -1.68282543176 0.433134930045
0.441699 1.42301693956 0.435954993166 1.53951109653 -1.83768725598 2.02606731418 -1.6843594169 0.433134930045
0.451687 1.42301693956 0.435954993166 1.53951109653 -1.83768725598 2.02606731418 -1.6843594169 0.433134930045
0.461701 1.42224970857 0.435571496882 1.53989459281 -1.83768725598 2.0256839371 -1.68397592062 0.433134930045
0.471699 1.42263356248 0.435188000597 1.54027880435 -1.83768725598 2.0256839371 -1.68359242433 0.432751433761
0.481687 1.4245509247 0.434421008028 1.53912760024 -1.8373037597 2.02645116809 -1.68359242433 0.433134930045
0.491700 1.42301693956 0.435571496882 1.54104543929 -1.83768725598 2.0256839371 -1.68397592062 0.432367579849
0.501699 1.42224970857 0.435188000597 1.54142893558 -1.83807075227 2.02606731418 -1.68320892805 0.432367579849
0.511699 1.42340031663 0.436338489451 1.54066230064 -1.83807075227 2.02606731418 -1.68359242433 0.432751433761
0.521700 1.42301693956 0.435954993166 1.53989459281 -1.8373037597 2.0256839371 -1.68282543176 0.433134930045
0.531700 1.42301693956 0.435571496882 1.53989459281 -1.83692026342 2.02606731418 -1.68359242433 0.432751433761
0.541685 1.42263356248 0.436338489451 1.54027880435 -1.8373037597 2.02491718295 -1.68397592062 0.43351842633
0.551689 1.42340031663 0.434804504313 1.54104543929 -1.83653676713 2.02530079845 -1.68359242433 0.433901564986
0.561701 1.42263356248 0.436721985735 1.53989459281 -1.83807075227 2.02491718295 -1.68244193548 0.433134930045
0.571701 1.42301693956 0.434804504313 1.54027880435 -1.8373037597 2.0256839371 -1.68320892805 0.432367579849
0.581686 1.42301693956 0.435954993166 1.54027880435 -1.83615327085 2.0256839371 -1.6843594169 0.43351842633
0.591698 1.42378369371 0.435954993166 1.53989459281 -1.83768725598 2.02606731418 -1.68244193548 0.433901564986
0.601696 1.42340031663 0.434804504313 1.53989459281 -1.83692026342 2.02530079845 -1.68359242433 0.433134930045
0.611696 1.42263356248 0.435954993166 1.54066230064 -1.83692026342 2.02606731418 -1.68320892805 0.432751433761
0.621671 1.42263356248 0.435954993166 1.54027880435 -1.83768725598 2.0256839371 -1.68244193548 0.433134930045
0.631700 1.42224970857 0.435954993166 1.53951109653 -1.83692026342 2.02530079845 -1.68320892805 0.432751433761
0.641700 1.42263356248 0.435571496882 1.54104543929 -1.83692026342 2.02645116809 -1.68359242433 0.433134930045
0.651684 1.42301693956 0.435571496882 1.54027880435 -1.83768725598 2.0256839371 -1.68397592062 0.433134930045
0.661723 1.42263356248 0.435571496882 1.53989459281 -1.83653676713 2.02606731418 -1.68244193548 0.431984441192
0.671722 1.42263356248 0.435571496882 1.54066230064 -1.8373037597 2.02606731418 -1.68244193548 0.433134930045
0.681712 1.42301693956 0.435188000597 1.53912760024 -1.8373037597 2.0256839371 -1.68397592062 0.434285418899
0.691730 1.42263356248 0.435188000597 1.53989459281 -1.83768725598 2.02606731418 -1.68320892805 0.43351842633
0.701731 1.42224970857 0.436721985735 1.54066230064 -1.8373037597 2.02453332904 -1.68320892805 0.432751433761
0.711734 1.42224970857 0.434804504313 1.5383609653 -1.83768725598 2.02530079845 -1.68282543176 0.433134930045
0.721733 1.42340031663 0.435188000597 1.54104543929 -1.83692026342 2.02491718295 -1.68359242433 0.43351842633
0.731723 1.42340031663 0.434804504313 1.54181243186 -1.83653676713 2.0256839371 -1.68282543176 0.432751433761
0.741733 1.42378369371 0.435188000597 1.53989459281 -1.83653676713 2.02530079845 -1.68320892805 0.433901564986
0.751710 1.42301693956 0.434804504313 1.54066230064 -1.8373037597 2.02491718295 -1.68397592062 0.434285418899
0.761695 1.42148295442 0.436721985735 1.54104543929 -1.83692026342 2.02606731418 -1.68282543176 0.434668915183
0.771698 1.42378369371 0.436338489451 1.54066230064 -1.83538627828 2.02721792224 -1.68320892805 0.437736885459
0.781701 1.42263356248 0.435571496882 1.54104543929 -1.83692026342 2.02683478358 -1.68359242433 0.438887374313
0.791722 1.42263356248 0.434804504313 1.54066230064 -1.83768725598 2.02951913837 -1.68320892805 0.443105446012
0.801719 1.42301693956 0.436338489451 1.54027880435 -1.83653676713 2.02951913837 -1.68244193548 0.443872796209
0.811689 1.42378369371 0.435954993166 1.54066230064 -1.8373037597 2.03220325473 -1.68282543176 0.446940766485
0.821699 1.42263356248 0.43710548202 1.54027880435 -1.8373037597 2.03297072414 -1.68282543176 0.45000873676
0.831699 1.42224970857 0.434804504313 1.54027880435 -1.8373037597 2.03603869441 -1.68090795034 0.454994158656
0.841699 1.42340031663 0.435571496882 1.54066230064 -1.83653676713 2.03718906406 -1.68129144662 0.45959611407
0.851670 1.42301693956 0.436338489451 1.54104543929 -1.83692026342 2.03948980334 -1.68244193548 0.463814543397
0.861699 1.42301693956 0.436721985735 1.54104543929 -1.83692026342 2.04217463496 -1.68129144662 0.469950483949
0.871692 1.42224970857 0.434804504313 1.54181243186 -1.8373037597 2.04485875133 -1.68397592062 0.474168555648
0.881699 1.42263356248 0.437488978304 1.53989459281 -1.83500278199 2.04715972903 -1.68282543176 0.480304466398
0.891699 1.42263356248 0.436338489451 1.54027880435 -1.83538627828 2.04831057552 -1.68320892805 0.486057268293
0.901701 1.4218663315 0.43710548202 1.54104543929 -1.83385229314 2.04984456065 -1.68205843919 0.491042332561
0.911690 1.42224970857 0.437488978304 1.54181243186 -1.832318308 2.05329566959 -1.68167494291 0.497561739595
0.921703 1.42340031663 0.438255970873 1.54104543929 -1.832318308 2.05406266216 -1.68167494291 0.498712228448
0.931699 1.42224970857 0.439406459727 1.54027880435 -1.83001733029 2.05559664729 -1.68244193548 0.509066985757
0.941672 1.42301693956 0.441323941149 1.53989459281 -1.8273328563 2.05674701694 -1.68282543176 0.515202926309
0.951696 1.42301693956 0.44055694858 1.54142893558 -1.82618236745 2.05674701694 -1.68320892805 0.520955370576
0.961700 1.42224970857 0.443241422572 1.54027880435 -1.82349789346 2.05636363986 -1.68244193548 0.52594076267
0.971699 1.42301693956 0.442857926287 1.54142893558 -1.82119691575 2.05713063243 -1.68282543176 0.530926214368
0.981696 1.42224970857 0.447459881701 1.53989459281 -1.81812906469 2.05713063243 -1.68129144662 0.537828730256
0.991699 1.42340031663 0.450144236483 1.53951109653 -1.81467747892 2.05559664729 -1.68244193548 0.544732021005
1.001701 1.42301693956 0.450527732768 1.54027880435 -1.8127601167 2.05636363986 -1.68244193548 0.548183487565
1.011681 1.4218663315 0.454746191897 1.54066230064 -1.810459139 2.05713063243 -1.68205843919 0.553935931833
1.021696 1.42301693956 0.455513184466 1.54104543929 -1.80624067987 2.05751448634 -1.68359242433 0.558921383531
1.031699 1.42301693956 0.458197658457 1.54104543929 -1.80355620587 2.05674701694 -1.68244193548 0.566207753331
1.041699 1.42301693956 0.461649125018 1.54142893558 -1.80087173188 2.05598050121 -1.68205843919 0.570809708745
1.051697 1.42301693956 0.464717095293 1.54104543929 -1.79703676904 2.05674701694 -1.68167494291 0.576945649297
1.061705 1.42263356248 0.467401569285 1.54104543929 -1.79243481362 2.05713063243 -1.68244193548 0.581547604711
1.071697 1.42301693956 0.470853035845 1.54104543929 -1.78859985078 2.05636363986 -1.68129144662 0.587683485658
1.081700 1.42224970857 0.472003524699 1.54142893558 -1.78399789537 2.05674701694 -1.68282543176 0.592668937356
1.091700 1.42301693956 0.476605480112 1.54104543929 -1.77939593995 2.05751448634 -1.68359242433 0.598804877908
1.101694 1.42224970857 0.478906457819 1.54104543929 -1.77594447339 2.05751448634 -1.68359242433 0.60494081846
1.111673 1.42263356248 0.480823939242 1.53951109653 -1.77210951055 2.05713063243 -1.68244193548 0.609926210553
1.121700 1.42301693956 0.484275405802 1.54104543929 -1.76559019292 2.05713063243 -1.68167494291 0.616828786046
1.131698 1.4218663315 0.486959879794 1.53989459281 -1.76175523008 2.05828100208 -1.68129144662 0.622581170709
1.141686 1.42340031663 0.490794842638 1.54066230064 -1.75676977838 2.057897625 -1.68282543176 0.628333972604
1.151699 1.42224970857 0.491178338923 1.54104543929 -1.75178432668 2.05866437915 -1.68244193548 0.635620402009
1.161699 1.42148295442 0.49424618999 1.54027880435 -1.74679887498 2.06134897235 -1.68320892805 0.641372488649
1.171688 1.42340031663 0.496930663981 1.54066230064 -1.74296391214 2.06173234943 -1.68320892805 0.646358297975
1.181701 1.42224970857 0.499998634257 1.54104543929 -1.73797846044 2.06288295749 -1.68282543176 0.654411660344
1.191698 1.42263356248 0.502683108248 1.54066230064 -1.73376012052 2.0648003197 -1.68205843919 0.660931097181
1.201699 1.42263356248 0.505751078524 1.53951109653 -1.72992515767 2.06556778911 -1.68167494291 0.668217526586
1.211672 1.42263356248 0.5088190488 1.54027880435 -1.72532320226 2.06786828998 -1.68167494291 0.673969553621
1.221698 1.42263356248 0.512654011645 1.54142893558 -1.72110474313 2.06978612903 -1.68359242433 0.680489348085
1.231699 1.42224970857 0.514187996783 1.54066230064 -1.71650278772 2.07170372966 -1.68205843919 0.687775360257
1.241683 1.4218663315 0.51648897449 1.54104543929 -1.71305132115 2.07247024539 -1.68205843919 0.694678651006
1.251695 1.42340031663 0.519556944766 1.53989459281 -1.70844936574 2.0728540993 -1.68205843919 0.701581226499
1.261700 1.4218663315 0.520707433619 1.53989459281 -1.7046144029 2.07553821567 -1.68014095777 0.70695053211
1.271700 1.42071572343 0.524158900179 1.54104543929 -1.70077944005 2.07630568507 -1.68167494291 0.714236544282
1.281700 1.42071572343 0.52761036674 1.54066230064 -1.69886195863 2.07477169994 -1.68320892805 0.719605849893
1.291715 1.41879836122 0.529144351878 1.54142893558 -1.69426000322 2.07822280887 -1.68244193548 0.728809760721
1.301688 1.41803160707 0.534129684367 1.53989459281 -1.69004154409 2.07975679401 -1.68167494291 0.73686312309
1.311698 1.41726437608 0.535663669505 1.54104543929 -1.68659019673 2.08090764049 -1.68244193548 0.744916187436
1.321699 1.41457978288 0.538348143496 1.53989459281 -1.68313873017 2.08244162563 -1.68090795034 0.751435564668
1.331699 1.41419640581 0.541799610056 1.54027880435 -1.68045425618 2.08359199527 -1.68320892805 0.759872840555
1.341696 1.4115118126 0.545634572901 1.53989459281 -1.67661929334 2.08512598041 -1.68205843919 0.767926262529
1.351687 1.41074505845 0.546785061755 1.54027880435 -1.67355132306 2.0855095959 -1.68205843919 0.776363180787
1.361699 1.40882769624 0.551387017168 1.54066230064 -1.67086684907 2.08781009677 -1.68129144662 0.784800039441
1.371698 1.40691033403 0.554454987444 1.54066230064 -1.66818237508 2.08934408191 -1.68205843919 0.792853044183
1.381709 1.40499249498 0.558673446574 1.54066230064 -1.66396391595 2.09164553645 -1.68205843919 0.80129032007
1.391699 1.40384236375 0.560590927996 1.54066230064 -1.66166293824 2.09279566768 -1.68244193548 0.809727238328
1.401699 1.40384236375 0.560590927996 1.54066230064 -1.66166293824 2.09279566768 -1.68244193548 0.809727238328
1.411699 1.40384236375 0.560590927996 1.54066230064 -1.66166293824 2.09279566768 -1.68244193548 0.809727238328
1.421701 1.3977064232 0.569027846255 1.53989459281 -1.65245902742 2.09778147701 -1.68244193548 0.836955414922
1.431699 1.39502183 0.571712320246 1.54027880435 -1.65015816892 2.09893160823 -1.68359242433 0.845392273576
1.441689 1.39387122194 0.575163786807 1.54027880435 -1.64747357572 2.10046559337 -1.68282543176 0.854212688119
1.451699 1.39387122194 0.575163786807 1.54027880435 -1.64747357572 2.10046559337 -1.68282543176 0.854212688119
1.461701 1.39387122194 0.575163786807 1.54027880435 -1.64747357572 2.10046559337 -1.68282543176 0.854212688119
1.471686 1.38696852724 0.584367578425 1.54066230064 -1.63980376924 2.10506731036 -1.68244193548 0.882590936334
1.481700 1.38428393403 0.586668556132 1.54027880435 -1.63673579896 2.1066012955 -1.68359242433 0.892178343446
1.491688 1.38351670305 0.589353030123 1.54181243186 -1.63443482125 2.10698514941 -1.68244193548 0.903683589608
1.501700 1.38351670305 0.589353030123 1.54181243186 -1.63443482125 2.10698514941 -1.68244193548 0.903683589608
1.511699 1.38351670305 0.589353030123 1.54181243186 -1.63443482125 2.10698514941 -1.68244193548 0.903683589608
1.521700 1.3773807625 0.596255963244 1.54104543929 -1.62676489556 2.11427122119 -1.68244193548 0.932445334108
1.531699 1.37546340028 0.600857918658 1.54027880435 -1.62446391786 2.11657267574 -1.68282543176 0.942033098848
1.541688 1.37354603807 0.60277540008 1.54066230064 -1.6210124513 2.11925703052 -1.68052445406 0.952387081296
1.551699 1.37354603807 0.60277540008 1.54066230064 -1.6210124513 2.11925703052 -1.68052445406 0.952387081296
1.561700 1.37354603807 0.60277540008 1.54066230064 -1.6210124513 2.11925703052 -1.68052445406 0.952387081296
1.571683 1.36779347459 0.61044532577 1.54104543929 -1.61334252561 2.12577658656 -1.68167494291 0.984601067216
1.581700 1.36587611238 0.61389679233 1.54066230064 -1.60989105905 2.12807708743 -1.68167494291 0.995338903577
1.591690 1.36319151918 0.616197770037 1.54142893558 -1.60720658506 2.12884455684 -1.68282543176 1.00645987859
1.601695 1.36319151918 0.616197770037 1.54142893558 -1.60720658506 2.12884455684 -1.68282543176 1.00645987859
1.611699 1.36319151918 0.616197770037 1.54142893558 -1.60720658506 2.12884455684 -1.68282543176 1.00645987859
1.621700 1.35974017183 0.62578505794 1.53989459281 -1.59800279344 2.13459664348 -1.68205843919 1.03752295843
1.631700 1.35667220155 0.628086035647 1.54027880435 -1.59570181573 2.13766461375 -1.68244193548 1.04902820459
1.641696 1.35667220155 0.631920998492 1.54027880435 -1.59225034917 2.14034896854 -1.68244193548 1.05938224664
1.651695 1.35667220155 0.631920998492 1.54027880435 -1.59225034917 2.14034896854 -1.68244193548 1.05938224664
1.661699 1.35667220155 0.631920998492 1.54027880435 -1.59225034917 2.14034896854 -1.68244193548 1.05938224664
1.671673 1.35245362321 0.639207427897 1.54027880435 -1.58266294206 2.14571839336 -1.68282543176 1.09082918039
1.681696 1.35207024614 0.643809383311 1.54104543929 -1.5792114755 2.14801889423 -1.68397592062 1.10003309122
1.691694 1.34938565294 0.645726864733 1.54066230064 -1.57691049779 2.14955287936 -1.68282543176 1.11038713327
1.701668 1.34938565294 0.645726864733 1.54066230064 -1.57691049779 2.14955287936 -1.68282543176 1.11038713327
1.711695 1.34938565294 0.645726864733 1.54066230064 -1.57691049779 2.14955287936 -1.68282543176 1.11038713327
1.721695 1.34670153657 0.654930775561 1.54104543929 -1.56693959439 2.15568881992 -1.68320892805 1.14298419824
1.731694 1.34555092851 0.657231753268 1.54104543929 -1.5642551204 2.1564560509 -1.68244193548 1.15333895555
1.741695 1.34478369752 0.662600582041 1.54066230064 -1.56042027677 2.15952402118 -1.68129144662 1.16292600504
1.751668 1.34478369752 0.662600582041 1.54066230064 -1.56042027677 2.15952402118 -1.68129144662 1.16292600504
1.761694 1.34478369752 0.662600582041 1.54066230064 -1.56042027677 2.15952402118 -1.68129144662 1.16292600504
1.771673 1.34209958116 0.670654004015 1.54066230064 -1.55044937337 2.16297560695 -1.68244193548 1.19283895365
1.781676 1.34133235017 0.675255959429 1.54066230064 -1.54584741796 2.16489273074 -1.68282543176 1.2039603459
1.791699 1.34018174211 0.677556937136 1.54181243186 -1.5423959514 2.16757756236 -1.68282543176 1.21239678732
1.801693 1.34018174211 0.677556937136 1.54181243186 -1.5423959514 2.16757756236 -1.68282543176 1.21239678732
1.811700 1.34018174211 0.677556937136 1.54181243186 -1.5423959514 2.16757756236 -1.68282543176 1.21239678732
1.821671 1.33749762575 0.689061825671 1.53951109653 -1.53089106286 2.17294603351 -1.68167494291 1.24115936628
1.831699 1.33634701768 0.693663781084 1.54027880435 -1.5274395963 2.17486363414 -1.68205843919 1.25036327711
1.841670 1.33481303255 0.697115247645 1.54066230064 -1.52513861859 2.17716461185 -1.68244193548 1.26148455015
1.851699 1.33481303255 0.697115247645 1.54066230064 -1.52513861859 2.17716461185 -1.68244193548 1.26148455015
1.861671 1.33481303255 0.697115247645 1.54066230064 -1.52513861859 2.17716461185 -1.68244193548 1.26148455015
1.871697 1.33251181642 0.706702535548 1.54027880435 -1.51133287156 2.18445139888 -1.68244193548 1.28602831236
1.881708 1.33212843934 0.710920994677 1.54027880435 -1.507881405 2.18675189975 -1.68244193548 1.29561571947
1.891699 1.33059445421 0.713605468668 1.54066230064 -1.50404644216 2.18866926196 -1.68282543176 1.3044360148
1.901685 1.33059445421 0.713605468668 1.54066230064 -1.50404644216 2.18866926196 -1.68282543176 1.3044360148
1.911712 1.33059445421 0.713605468668 1.54066230064 -1.50404644216 2.18866926196 -1.68282543176 1.3044360148
1.921699 1.32829371492 0.727027838625 1.54066230064 -1.4906240722 2.1982570267 -1.68167494291 1.33204774729
1.931695 1.32675972978 0.727794831194 1.54104543929 -1.48602211679 2.20132499698 -1.68167494291 1.33895068041
1.941695 1.32560912172 0.732396786608 1.54066230064 -1.48180365766 2.20400911334 -1.68282543176 1.34700362554
1.951698 1.32560912172 0.732396786608 1.54066230064 -1.48180365766 2.20400911334 -1.68282543176 1.34700362554
1.961701 1.32560912172 0.732396786608 1.54066230064 -1.48180365766 2.20400911334 -1.68282543176 1.34700362554
1.971696 1.32139054338 0.744668667712 1.54066230064 -1.46914839948 2.21244650844 -1.68205843919 1.3703968989
1.981701 1.32024041215 0.747353022494 1.54104543929 -1.46646392549 2.21666460994 -1.68167494291 1.37883417478
1.991699 1.31870642702 0.751954977908 1.54027880435 -1.4610949775 2.22011643413 -1.68320892805 1.38612012735
2.001682 1.31870642702 0.751954977908 1.54027880435 -1.4610949775 2.22011643413 -1.68320892805 1.38612012735
2.011700 1.31870642702 0.751954977908 1.54027880435 -1.4610949775 2.22011643413 -1.68320892805 1.38612012735
2.021700 1.31487122575 0.763076370158 1.54027880435 -1.4488230964 2.22816926006 -1.68129144662 1.40836326948
2.031699 1.31372061769 0.767294829287 1.54066230064 -1.44422114099 2.2320042229 -1.68167494291 1.41449921003
2.041696 1.31026927034 0.771129792132 1.54027880435 -1.44000268186 2.23507219318 -1.68205843919 1.42178563944
2.051699 1.31026927034 0.771129792132 1.54027880435 -1.44000268186 2.23507219318 -1.68205843919 1.42178563944
2.061699 1.31026927034 0.771129792132 1.54027880435 -1.44000268186 2.23507219318 -1.68205843919 1.42178563944
2.071697 1.30566731492 0.781100695528 1.54104543929 -1.4292649051 2.24350958827 -1.67668949121 1.44249431959
2.081700 1.30298272172 0.78378516952 1.54066230064 -1.42696392739 2.24811154369 -1.67515550607 1.44786290994
2.091701 1.30029860536 0.786853139796 1.53989459281 -1.42351246083 2.25041204456 -1.67247103208 1.45438270441
2.101677 1.30029860536 0.786853139796 1.53989459281 -1.42351246083 2.25041204456 -1.67247103208 1.45438270441
2.111700 1.30029860536 0.786853139796 1.53989459281 -1.42351246083 2.25041204456 -1.67247103208 1.45438270441
2.121700 1.29531279603 0.797590916552 1.54066230064 -1.41315806115 2.25846558574 -1.66211675161 1.47202341428
2.131687 1.29262867967 0.79912490169 1.53951109653 -1.41162407601 2.26153355602 -1.65904878133 1.47700850836
2.141699 1.28956070939 0.802959864535 1.54027880435 -1.40893960202 2.26460152629 -1.65329633707 1.48314444891
2.151699 1.28956070939 0.802959864535 1.54027880435 -1.40893960202 2.26460152629 -1.65329633707 1.48314444891
2.161699 1.28956070939 0.802959864535 1.54027880435 -1.40893960202 2.26460152629 -1.65329633707 1.48314444891
2.171700 1.28150740663 0.812163775362 1.53951109653 -1.40318715776 2.27188783649 -1.63833998197 1.50001864305
2.181699 1.2792061905 0.816382234492 1.53989459281 -1.40088618005 2.27457219127 -1.6325875377 1.50423710218
2.191700 1.27613822023 0.817149227061 1.54142893558 -1.39858520234 2.2764897919 -1.62683509344 1.51037292352
2.201674 1.27613822023 0.817149227061 1.54142893558 -1.39858520234 2.2764897919 -1.62683509344 1.51037292352
2.211699 1.27613822023 0.817149227061 1.54142893558 -1.39858520234 2.2764897919 -1.62683509344 1.51037292352
2.221699 1.26808491746 0.825586145319 1.53989459281 -1.39283275807 2.28569370273 -1.60535942072 1.52379493585
2.231687 1.26540032426 0.827503626742 1.54066230064 -1.39053178037 2.28761106494 -1.59807299131 1.52954773775
2.241699 1.26194897691 0.830188100733 1.54066230064 -1.38976490701 2.29106288913 -1.59155355447 1.53376619688
2.251694 1.26194897691 0.830188100733 1.54066230064 -1.38976490701 2.29106288913 -1.59155355447 1.53376619688
2.261699 1.26194897691 0.830188100733 1.54066230064 -1.38976490701 2.29106288913 -1.59155355447 1.53376619688
2.271701 1.25351182023 0.835556929507 1.54027880435 -1.38554644788 2.29834896091 -1.57007788175 1.54680459371
2.281670 1.25044384996 0.839008396067 1.53989459281 -1.38324547017 2.30103355411 -1.56317494863 1.55102352968
2.291701 1.24890986482 0.840158884921 1.53912760024 -1.38094449247 2.30333453181 -1.5566555118 1.55409138075
2.301699 1.24890986482 0.840158884921 1.53912760024 -1.38094449247 2.30333453181 -1.5566555118 1.55409138075
2.311672 1.24890986482 0.840158884921 1.53912760024 -1.38094449247 2.30333453181 -1.5566555118 1.55409138075
2.321699 1.24008980791 0.845911329188 1.54066230064 -1.37595904077 2.31292229655 -1.53556333536 1.56291179529
2.331688 1.23702183763 0.847061818041 1.53989459281 -1.37404155934 2.3156061745 -1.52866040224 1.56636326185
2.341699 1.23510447542 0.848595803179 1.54066230064 -1.37212407792 2.31944113734 -1.52329145425 1.56904773584
2.351702 1.23510447542 0.848595803179 1.54066230064 -1.37212407792 2.31944113734 -1.52329145425 1.56904773584
2.361700 1.23510447542 0.848595803179 1.54066230064 -1.37212407792 2.31944113734 -1.52329145425 1.56904773584
2.371702 1.23050252 0.853581254878 1.54027880435 -1.36445415223 2.32711153987 -1.50565062517 1.57556717268
2.381702 1.2278179268 0.857799714007 1.53912760024 -1.36253667081 2.33094602588 -1.50028167719 1.57595066896
2.391699 1.2251333336 0.859333699145 1.54104543929 -1.35908520425 2.33363061908 -1.49606333727 1.5774846541
2.401701 1.2251333336 0.859333699145 1.54104543929 -1.35908520425 2.33363061908 -1.49606333727 1.5774846541
2.411700 1.2251333336 0.859333699145 1.54104543929 -1.35908520425 2.33363061908 -1.49606333727 1.5774846541
2.421702 1.22206536333 0.862401669421 1.54066230064 -1.35179877484 2.34283452991 -1.48340795988 1.58093576303
2.431671 1.21938077012 0.862785165705 1.53951109653 -1.35026478971 2.34513550761 -1.47880600446 1.58208660951
2.441701 1.21938077012 0.865086143412 1.54027880435 -1.34642994607 2.3478198624 -1.47420404905 1.58131961694
2.451696 1.21938077012 0.865086143412 1.54027880435 -1.34642994607 2.3478198624 -1.47420404905 1.58131961694
2.461688 1.21938077012 0.865086143412 1.54027880435 -1.34642994607 2.3478198624 -1.47420404905 1.58131961694
2.471685 1.21631279985 0.866236632266 1.53989459281 -1.33952701295 2.35433941844 -1.46193216795 1.58170311323
2.481701 1.21439543764 0.867770617403 1.53989459281 -1.33645904267 2.35779124263 -1.45886419767 1.58170311323
2.491701 1.21247807542 0.868537609972 1.54027880435 -1.3333910724 2.36047512057 -1.45464573854 1.58131961694
2.501701 1.21247807542 0.868537609972 1.54027880435 -1.3333910724 2.36047512057 -1.45464573854 1.58131961694
2.511733 1.21247807542 0.868537609972 1.54027880435 -1.3333910724 2.36047512057 -1.45464573854 1.58131961694
2.521715 1.21132746736 0.870838587679 1.53989459281 -1.32418716157 2.36699491504 -1.44467495435 1.58131961694
2.531675 1.2101768593 0.871605580248 1.53951109653 -1.32226968015 2.36814504626 -1.44160698408 1.58246974817
2.541671 1.20902672807 0.872372572817 1.54027880435 -1.31958520616 2.37198048595 -1.4385390138 1.58093576303
2.551683 1.20902672807 0.872372572817 1.54027880435 -1.31958520616 2.37198048595 -1.4385390138 1.58093576303
2.561673 1.20902672807 0.872372572817 1.54027880435 -1.31958520616 2.37198048595 -1.4385390138 1.58093576303
2.571671 1.20672551195 0.875440423884 1.54104543929 -1.3111482879 2.377732811 -1.4285681104 1.58208660951
2.581671 1.20672551195 0.875823920168 1.54027880435 -1.30692982877 2.38041692737 -1.42588363641 1.58055262438
2.591680 1.20557490388 0.876974409022 1.54066230064 -1.30347848142 2.38310152057 -1.42243216985 1.58131961694
2.601699 1.20557490388 0.876974409022 1.54066230064 -1.30347848142 2.38310152057 -1.42243216985 1.58131961694
2.611699 1.20557490388 0.876974409022 1.54066230064 -1.30347848142 2.38310152057 -1.42243216985 1.58131961694
2.621700 1.20289078752 0.877741401591 1.53951109653 -1.29619205201 2.39192229274 -1.41284476274 1.58170311323
2.631699 1.20365754167 0.878891890444 1.54066230064 -1.29350757802 2.39499026302 -1.41016040796 1.58170311323
2.641700 1.20212355653 0.879658883013 1.53951109653 -1.29197359288 2.39805823329 -1.40824292654 1.58131961694
2.651663 1.20212355653 0.879658883013 1.53951109653 -1.29197359288 2.39805823329 -1.40824292654 1.58131961694
2.661689 1.20212355653 0.879658883013 1.53951109653 -1.29197359288 2.39805823329 -1.40824292654 1.58131961694
2.671699 1.20212355653 0.878891890444 1.54104543929 -1.28353667462 2.40841203693 -1.39558754915 1.58093576303
2.681685 1.20135680238 0.879275386729 1.54027880435 -1.28123569692 2.41301399234 -1.39328657144 1.58170311323
2.691700 1.20020619432 0.879658883013 1.53989459281 -1.27855122293 2.41531544688 -1.3894516086 1.58170311323
2.701695 1.20020619432 0.879658883013 1.53989459281 -1.27855122293 2.41531544688 -1.3894516086 1.58170311323
2.711701 1.20020619432 0.879658883013 1.53989459281 -1.27855122293 2.41531544688 -1.3894516086 1.58170311323
2.721700 1.20020619432 0.878891890444 1.53989459281 -1.27164828981 2.42643648151 -1.37756322378 1.58170311323
2.731706 1.19943896333 0.879275386729 1.53989459281 -1.26973080838 2.43027144435 -1.37411175722 1.58170311323
2.741696 1.19867220918 0.879275386729 1.53951109653 -1.26858031953 2.4341064072 -1.37027679437 1.58131961694
2.751701 1.19867220918 0.879275386729 1.53951109653 -1.26858031953 2.4341064072 -1.37027679437 1.58131961694
2.761673 1.19867220918 0.879275386729 1.53951109653 -1.26858031953 2.4341064072 -1.37027679437 1.58131961694
2.771700 1.19982281724 0.878891890444 1.53989459281 -1.2620610019 2.44561105731 -1.3599225139 1.58208660951
2.781695 1.19905558626 0.87850839416 1.53951109653 -1.2620610019 2.44867950443 -1.35532055849 1.58093576303
2.791687 1.19982281724 0.879658883013 1.54104543929 -1.26091051305 2.45289760593 -1.3526360845 1.58093576303
2.801695 1.19982281724 0.879658883013 1.54104543929 -1.26091051305 2.45289760593 -1.3526360845 1.58093576303
2.811700 1.19982281724 0.879658883013 1.54104543929 -1.26091051305 2.45289760593 -1.3526360845 1.58093576303
2.821694 1.19905558626 0.87850839416 1.54066230064 -1.25554156507 2.46478634837 -1.34228168481 1.58131961694
2.831699 1.19828883211 0.879275386729 1.53951109653 -1.25554156507 2.46900444987 -1.33998070711 1.58093576303
2.841670 1.19905558626 0.877741401591 1.54104543929 -1.25324058736 2.47283941272 -1.3376797294 1.58131961694
2.851689 1.19905558626 0.877741401591 1.54104543929 -1.25324058736 2.47283941272 -1.3376797294 1.58131961694
2.861671 1.19905558626 0.877741401591 1.54104543929 -1.25324058736 2.47283941272 -1.3376797294 1.58131961694
2.871699 1.20020619432 0.879275386729 1.53912760024 -1.24902212823 2.48587804797 -1.33000980371 1.58055262438
2.881680 1.19943896333 0.878891890444 1.53989459281 -1.24825513566 2.48971301082 -1.32732532972 1.57863514295
2.891697 1.20058957139 0.87850839416 1.53951109653 -1.24825513566 2.49393158916 -1.32425747865 1.5774846541
2.901686 1.20058957139 0.87850839416 1.53951109653 -1.24825513566 2.49393158916 -1.32425747865 1.5774846541
2.911698 1.20058957139 0.87850839416 1.53951109653 -1.24825513566 2.49393158916 -1.32425747865 1.5774846541
2.921691 1.20327416459 0.875823920168 1.53951109653 -1.24518716539 2.50697046283 -1.31888853067 1.57211570612
2.931703 1.20404091875 0.875823920168 1.53912760024 -1.24403667653 2.51003843311 -1.31543706411 1.57058172098
2.941713 1.2059587578 0.875056927599 1.53989459281 -1.24326968396 2.51233941081 -1.31582056039 1.56866388193
2.951721 1.2059587578 0.875056927599 1.53989459281 -1.24326968396 2.51233941081 -1.31582056039 1.56866388193
2.961713 1.2059587578 0.875056927599 1.53989459281 -1.24326968396 2.51233941081 -1.31582056039 1.56866388193
2.971716 1.20979348222 0.872756069102 1.53951109653 -1.24173569883 2.52346068385 -1.31160210126 1.56214444509
2.981709 1.21056071321 0.871989076533 1.53989459281 -1.24020171369 2.5272956467 -1.31006811613 1.5594599711
2.991691 1.21209469835 0.871222083964 1.54066230064 -1.24020171369 2.53074699405 -1.30776713842 1.55600850454
3.001712 1.21209469835 0.871222083964 1.54066230064 -1.24020171369 2.53074699405 -1.30776713842 1.55600850454
3.011715 1.21209469835 0.871222083964 1.54066230064 -1.24020171369 2.53074699405 -1.30776713842 1.55600850454
3.021719 1.2155460457 0.867770617403 1.53912760024 -1.24020171369 2.53726655009 -1.30469916814 1.54948954454
3.031710 1.21669665376 0.868154113688 1.54027880435 -1.2398182174 2.53880053523 -1.30393217558 1.5456545817
3.041708 1.2182306389 0.867387121119 1.53989459281 -1.23866772855 2.54110151294 -1.30201469415 1.54488758913
3.051701 1.2182306389 0.867387121119 1.53989459281 -1.23866772855 2.54110151294 -1.30201469415 1.54488758913
3.061696 1.2182306389 0.867387121119 1.53989459281 -1.23866772855 2.54110151294 -1.30201469415 1.54488758913
3.071699 1.22321597139 0.864319150843 1.53951109653 -1.23943472112 2.54915529254 -1.29779623502 1.53606681696
3.081700 1.2251333336 0.862401669421 1.54142893558 -1.24020171369 2.55068927768 -1.29741273874 1.53376619688
3.091718 1.22743454973 0.860484187998 1.53912760024 -1.23943472112 2.55298977855 -1.29741273874 1.53223221174
3.101723 1.22743454973 0.860484187998 1.53912760024 -1.23943472112 2.55298977855 -1.29741273874 1.53223221174
3.111718 1.22743454973 0.860484187998 1.53912760024 -1.23943472112 2.55298977855 -1.29741273874 1.53223221174
3.121705 1.23280325929 0.858183210291 1.54104543929 -1.23943472112 2.55797534946 -1.29664574617 1.52494542471
3.131754 1.2347206215 0.858183210291 1.53989459281 -1.2398182174 2.56027632716 -1.29626224989 1.52226095072
3.141744 1.23702183763 0.856265728869 1.53989459281 -1.23866772855 2.5618103123 -1.29741273874 1.52034346929
3.151740 1.23702183763 0.856265728869 1.53989459281 -1.23866772855 2.5618103123 -1.29741273874 1.52034346929
3.161735 1.23702183763 0.856265728869 1.53989459281 -1.23866772855 2.5618103123 -1.29741273874 1.52034346929
3.171736 1.24200717012 0.853964751162 1.53951109653 -1.23943472112 2.56564527515 -1.29626224989 1.51420752874
3.181736 1.24354115526 0.854348247446 1.53951109653 -1.2398182174 2.56641226772 -1.29702924245 1.51229040495
3.191726 1.24622574846 0.851663773455 1.53989459281 -1.23866772855 2.56794601443 -1.29741273874 1.51075641981
3.201702 1.24622574846 0.851663773455 1.53989459281 -1.23866772855 2.56794601443 -1.29741273874 1.51075641981
3.211701 1.24622574846 0.851663773455 1.53989459281 -1.23866772855 2.56794601443 -1.29741273874 1.51075641981
3.221688 1.25351182023 0.849746292033 1.53951109653 -1.24058520997 2.57254796985 -1.29702924245 1.50500361791
3.231702 1.25542965928 0.849746292033 1.53989459281 -1.23866772855 2.57408195499 -1.29817973131 1.50500361791
3.241701 1.25811377565 0.848212306895 1.53989459281 -1.23943472112 2.57561641696 -1.29741273874 1.50231962076
3.251709 1.25811377565 0.848212306895 1.53989459281 -1.23943472112 2.57561641696 -1.29741273874 1.50231962076
3.261703 1.25811377565 0.848212306895 1.53989459281 -1.23943472112 2.57561641696 -1.29741273874 1.50231962076
3.271702 1.26501694719 0.847061818041 1.54066230064 -1.2398182174 2.58021837238 -1.29664574617 1.49925165048
3.281702 1.26885167161 0.847445314326 1.54027880435 -1.23866772855 2.58175235751 -1.29664574617 1.49886779657
3.291690 1.27076951066 0.848595803179 1.54066230064 -1.23828423226 2.58366948131 -1.29664574617 1.49733381143
3.301700 1.27076951066 0.848595803179 1.54066230064 -1.23828423226 2.58366948131 -1.29664574617 1.49733381143
3.311683 1.27076951066 0.848595803179 1.54066230064 -1.23828423226 2.58366948131 -1.29664574617 1.49733381143
3.321716 1.27882281343 0.846678321757 1.53989459281 -1.23828423226 2.58673745158 -1.29664574617 1.49656717649
3.331700 1.28150740663 0.847445314326 1.54027880435 -1.23866772855 2.58865529063 -1.29741273874 1.49503319135
3.341699 1.28457490007 0.84782881061 1.53912760024 -1.23866772855 2.58750444415 -1.29702924245 1.49464969507
3.351686 1.28457490007 0.84782881061 1.53912760024 -1.23866772855 2.58750444415 -1.29702924245 1.49464969507
3.361689 1.28457490007 0.84782881061 1.53912760024 -1.23866772855 2.58750444415 -1.29702924245 1.49464969507
3.371702 1.29224482576 0.847061818041 1.54066230064 -1.23866772855 2.59057241443 -1.30239819044 1.49311570993
3.381704 1.29531279603 0.847445314326 1.54066230064 -1.23866772855 2.59249025348 -1.30316518301 1.49196522108
3.391702 1.29838076631 0.847445314326 1.53989459281 -1.23905122483 2.59210639957 -1.30661664957 1.49119787088
3.401703 1.29838076631 0.847445314326 1.53989459281 -1.23905122483 2.59210639957 -1.30661664957 1.49119787088
3.411704 1.29838076631 0.847445314326 1.53989459281 -1.23905122483 2.59210639957 -1.30661664957 1.49119787088
3.421725 1.30720130006 0.845911329188 1.54027880435 -1.23943472112 2.59402423862 -1.31390307897 1.49004773966
3.431746 1.31103650133 0.846678321757 1.54066230064 -1.2398182174 2.59555774692 -1.31697104925 1.49234871736
3.441717 1.31295386354 0.847445314326 1.54066230064 -1.23943472112 2.59670835498 -1.31888853067 1.49158172479
3.451694 1.31295386354 0.847445314326 1.54066230064 -1.23943472112 2.59670835498 -1.31888853067 1.49158172479
3.461709 1.31295386354 0.847445314326 1.54066230064 -1.23943472112 2.59670835498 -1.31888853067 1.49158172479
3.471706 1.32062378923 0.846678321757 1.53951109653 -1.23905122483 2.59670835498 -1.32962630743 1.49273185602
3.481706 1.3236917595 0.848595803179 1.54066230064 -1.24058520997 2.59747534755 -1.3326942777 1.49158172479
3.491712 1.32560912172 0.847445314326 1.54066230064 -1.23866772855 2.59747534755 -1.33576224798 1.49234871736
3.501707 1.32560912172 0.847445314326 1.54066230064 -1.23866772855 2.59747534755 -1.33576224798 1.49234871736
3.511705 1.32560912172 0.847445314326 1.54066230064 -1.23866772855 2.59747534755 -1.33576224798 1.49234871736
3.521720 1.33251181642 0.848212306895 1.54104543929 -1.23943472112 2.59709173206 -1.34726713651 1.49119787088
3.531707 1.33481303255 0.847445314326 1.54066230064 -1.2398182174 2.59785872462 -1.35148559564 1.49234871736
3.541700 1.33788100282 0.848595803179 1.54066230064 -1.23905122483 2.59709173206 -1.35608755106 1.49158172479
3.551695 1.33788100282 0.848595803179 1.54066230064 -1.23905122483 2.59709173206 -1.35608755106 1.49158172479
3.561689 1.33788100282 0.848595803179 1.54066230064 -1.23905122483 2.59709173206 -1.35608755106 1.49158172479
3.571700 1.34209958116 0.846294825472 1.53989459281 -1.24020171369 2.59747534755 -1.3695098018 1.49158172479
3.581700 1.34286633531 0.847445314326 1.54027880435 -1.23828423226 2.59670835498 -1.3744952535 1.49119787088
3.591700 1.34478369752 0.848595803179 1.54066230064 -1.23905122483 2.59670835498 -1.3794807052 1.49196522108
3.601699 1.34478369752 0.848595803179 1.54066230064 -1.23905122483 2.59670835498 -1.3794807052 1.49196522108
3.611699 1.34478369752 0.848595803179 1.54066230064 -1.23905122483 2.59670835498 -1.3794807052 1.49196522108
3.621696 1.3478516678 0.84782881061 1.53989459281 -1.2398182174 2.59670835498 -1.39520405286 1.49119787088
3.631699 1.35015288392 0.84782881061 1.54104543929 -1.23943472112 2.59632473949 -1.40095649713 1.49081473222
3.641700 1.35091963807 0.847061818041 1.54027880435 -1.23905122483 2.59632473949 -1.40747593397 1.49119787088
3.651671 1.35091963807 0.847061818041 1.54027880435 -1.23905122483 2.59632473949 -1.40747593397 1.49119787088
3.661698 1.35091963807 0.847061818041 1.54027880435 -1.23905122483 2.59632473949 -1.40747593397 1.49119787088
3.671699 1.3532208542 0.847445314326 1.53951109653 -1.23943472112 2.59479075435 -1.42319916242 1.49119787088
3.681699 1.35437146226 0.84782881061 1.54104543929 -1.23943472112 2.59287339214 -1.42933510297 1.49119787088
3.691700 1.35513821641 0.848212306895 1.54027880435 -1.2398182174 2.59210639957 -1.43470405096 1.49081473222
3.701698 1.35513821641 0.848212306895 1.54027880435 -1.2398182174 2.59210639957 -1.43470405096 1.49081473222
3.711699 1.35513821641 0.848212306895 1.54027880435 -1.2398182174 2.59210639957 -1.43470405096 1.49081473222
3.721700 1.35782280961 0.848595803179 1.53989459281 -1.2398182174 2.58558732036 -1.45004390234 1.49081473222
3.731697 1.35667220155 0.848212306895 1.53989459281 -1.2398182174 2.58328634265 -1.45579622739 1.49196522108
3.741699 1.35935679475 0.846678321757 1.54027880435 -1.23905122483 2.57906752589 -1.46116517538 1.49158172479
3.751696 1.35935679475 0.846678321757 1.54027880435 -1.23905122483 2.57906752589 -1.46116517538 1.49158172479
3.761700 1.35935679475 0.846678321757 1.54027880435 -1.23905122483 2.57906752589 -1.46116517538 1.49158172479
3.771694 1.35820618669 0.848979299464 1.54104543929 -1.23943472112 2.56986361507 -1.47688852304 1.49119787088
3.781688 1.35858956376 0.84782881061 1.54027880435 -1.23866772855 2.56756263736 -1.48072348589 1.49234871736
3.791702 1.35935679475 0.849362795748 1.54142893558 -1.2398182174 2.56296068195 -1.48685942644 1.49196522108
3.801699 1.35935679475 0.849362795748 1.54142893558 -1.2398182174 2.56296068195 -1.48685942644 1.49196522108
3.811708 1.35935679475 0.849362795748 1.54142893558 -1.2398182174 2.56296068195 -1.48685942644 1.49196522108
3.821700 1.35935679475 0.849362795748 1.54027880435 -1.24020171369 2.55337339404 -1.50219915861 1.49158172479
3.831699 1.35935679475 0.848595803179 1.53989459281 -1.23828423226 2.5495384312 -1.50833509916 1.49158172479
3.841700 1.35858956376 0.84782881061 1.53989459281 -1.23828423226 2.54647046092 -1.51370404714 1.49196522108
3.851688 1.35858956376 0.84782881061 1.53989459281 -1.23828423226 2.54647046092 -1.51370404714 1.49196522108
3.861698 1.35858956376 0.84782881061 1.53989459281 -1.23828423226 2.54647046092 -1.51370404714 1.49196522108
3.871686 1.3601235489 0.848595803179 1.53951109653 -1.23905122483 2.53688341144 -1.52866040224 1.49081473222
3.881689 1.35897341768 0.847445314326 1.54027880435 -1.2398182174 2.53573256496 -1.53326235765 1.49196522108
3.891702 1.35897341768 0.848979299464 1.54027880435 -1.24020171369 2.53304844859 -1.53824780935 1.49196522108
3.901714 1.35897341768 0.848979299464 1.54027880435 -1.24020171369 2.53304844859 -1.53824780935 1.49196522108
3.911714 1.35897341768 0.848979299464 1.54027880435 -1.24020171369 2.53304844859 -1.53824780935 1.49196522108
3.921713 1.35858956376 0.849362795748 1.54066230064 -1.23905122483 2.52384429935 -1.55358754152 1.49158172479
3.931713 1.35974017183 0.848595803179 1.53989459281 -1.23943472112 2.52039271358 -1.5589564895 1.49158172479
3.941713 1.35820618669 0.848212306895 1.54066230064 -1.23828423226 2.5177083588 -1.5639419412 1.49158172479
3.951713 1.35820618669 0.848212306895 1.54066230064 -1.23828423226 2.5177083588 -1.5639419412 1.49158172479
3.961714 1.35820618669 0.848212306895 1.54066230064 -1.23828423226 2.5177083588 -1.5639419412 1.49158172479
3.971715 1.35897341768 0.849362795748 1.54066230064 -1.23905122483 2.50850444797 -1.57813130373 1.49158172479
3.981734 1.35858956376 0.848212306895 1.54104543929 -1.24020171369 2.50505333904 -1.58273313993 1.49158172479
3.991765 1.35897341768 0.849362795748 1.54066230064 -1.23790073598 2.50121837619 -1.58733509534 1.49081473222
4.001724 1.35897341768 0.849362795748 1.54066230064 -1.23790073598 2.50121837619 -1.58733509534 1.49081473222
4.011709 1.35897341768 0.849362795748 1.54066230064 -1.23790073598 2.50121837619 -1.58733509534 1.49081473222
4.021710 1.35974017183 0.850896780886 1.54027880435 -1.2398182174 2.49048048022 -1.59807299131 1.49196522108
4.031709 1.35858956376 0.851663773455 1.53989459281 -1.24020171369 2.48779564861 -1.60229145044 1.49119787088
4.041678 1.35858956376 0.855115240015 1.53989459281 -1.23943472112 2.48434406284 -1.60459242815 1.49119787088
4.051709 1.35858956376 0.855115240015 1.53989459281 -1.23943472112 2.48434406284 -1.60459242815 1.49119787088
4.061725 1.35858956376 0.855115240015 1.53989459281 -1.23943472112 2.48434406284 -1.60459242815 1.49119787088
4.071703 1.35935679475 0.857416217722 1.54066230064 -1.24020171369 2.47398978236 -1.6107283687 1.49196522108
4.081717 1.35858956376 0.859717195429 1.54066230064 -1.24058520997 2.47053843501 -1.61111186498 1.49119787088
4.091699 1.35897341768 0.861251180567 1.53951109653 -1.23943472112 2.46823745731 -1.61226235384 1.49119787088
4.101698 1.35897341768 0.861251180567 1.53951109653 -1.23943472112 2.46823745731 -1.61226235384 1.49119787088
4.111689 1.35897341768 0.861251180567 1.53951109653 -1.23943472112 2.46823745731 -1.61226235384 1.49119787088
4.121690 1.35858956376 0.86662012855 1.54027880435 -1.24058520997 2.45941740039 -1.61226235384 1.49081473222
4.131700 1.35935679475 0.867770617403 1.53989459281 -1.23905122483 2.45749956134 -1.61302934641 1.49119787088
4.141701 1.35858956376 0.870455091395 1.53989459281 -1.23713374341 2.45481544498 -1.61226235384 1.49119787088
4.151700 1.35858956376 0.870455091395 1.53989459281 -1.23713374341 2.45481544498 -1.61226235384 1.49119787088
4.161697 1.35858956376 0.870455091395 1.53989459281 -1.23713374341 2.45481544498 -1.61226235384 1.49119787088
4.171702 1.35782280961 0.876974409022 1.53912760024 -1.24020171369 2.44829565051 -1.61226235384 1.49234871736
4.181701 1.35782280961 0.878891890444 1.53951109653 -1.23905122483 2.44561105731 -1.61226235384 1.49158172479
4.191700 1.35820618669 0.881192868151 1.53874446159 -1.2398182174 2.44484406474 -1.61226235384 1.49158172479
4.201701 1.35820618669 0.881192868151 1.53874446159 -1.2398182174 2.44484406474 -1.61226235384 1.49158172479
4.211689 1.35820618669 0.881192868151 1.53874446159 -1.2398182174 2.44484406474 -1.61226235384 1.49158172479
4.221702 1.35858956376 0.886945312418 1.53912760024 -1.23943472112 2.43870836261 -1.6107283687 1.49119787088
4.231699 1.35935679475 0.888479297556 1.54027880435 -1.2398182174 2.43717437747 -1.60919438356 1.49196522108
4.241700 1.35858956376 0.890013282694 1.53951109653 -1.2398182174 2.43487339977 -1.60612641328 1.49158172479
4.251700 1.35858956376 0.890013282694 1.53951109653 -1.2398182174 2.43487339977 -1.60612641328 1.49158172479
4.261700 1.35858956376 0.890013282694 1.53951109653 -1.2398182174 2.43487339977 -1.60612641328 1.49158172479
4.271699 1.35782280961 0.896149223246 1.54066230064 -1.23943472112 2.43065482143 -1.60152445787 1.49119787088
4.281673 1.35743943254 0.898450200953 1.53951109653 -1.23943472112 2.42835384372 -1.60037396902 1.49081473222
4.291699 1.35782280961 0.900367682375 1.54027880435 -1.23866772855 2.42681985858 -1.59845648759 1.49081473222
4.301697 1.35782280961 0.900367682375 1.54027880435 -1.23866772855 2.42681985858 -1.59845648759 1.49081473222
4.311687 1.35782280961 0.900367682375 1.54027880435 -1.23866772855 2.42681985858 -1.59845648759 1.49081473222
4.321699 1.35820618669 0.906887119212 1.54027880435 -1.23905122483 2.42068439487 -1.59385453218 1.49119787088
4.331698 1.35820618669 0.908804600634 1.54027880435 -1.23943472112 2.41876655582 -1.59117005819 1.49196522108
4.341699 1.35743943254 0.911489074625 1.54142893558 -1.2398182174 2.41799956325 -1.59001956934 1.49119787088
4.351699 1.35743943254 0.911489074625 1.54142893558 -1.2398182174 2.41799956325 -1.59001956934 1.49119787088
4.361700 1.35743943254 0.911489074625 1.54142893558 -1.2398182174 2.41799956325 -1.59001956934 1.49119787088
4.371698 1.35858956376 0.915707533755 1.54142893558 -1.23828423226 2.40917950633 -1.58426712507 1.49119787088
4.381700 1.35820618669 0.916857903399 1.53989459281 -1.23943472112 2.40841203693 -1.58426712507 1.49158172479
4.391698 1.35782280961 0.91954237739 1.54027880435 -1.23905122483 2.4072619057 -1.58158265108 1.49158172479
4.401698 1.35782280961 0.91954237739 1.54027880435 -1.23905122483 2.4072619057 -1.58158265108 1.49158172479
4.411686 1.35782280961 0.91954237739 1.54027880435 -1.23905122483 2.4072619057 -1.58158265108 1.49158172479
4.421699 1.35858956376 0.922610347666 1.53951109653 -1.2398182174 2.40112620357 -1.57813130373 1.49196522108
4.431700 1.35743943254 0.924144332804 1.54027880435 -1.24250269139 2.3992081261 -1.57736431116 1.49158172479
4.441686 1.35858956376 0.924527829089 1.53989459281 -1.24326968396 2.39652424815 -1.57659731859 1.49119787088
4.451699 1.35858956376 0.924527829089 1.53989459281 -1.24326968396 2.39652424815 -1.57659731859 1.49119787088
4.461672 1.35858956376 0.924527829089 1.53989459281 -1.24326968396 2.39652424815 -1.57659731859 1.49119787088
4.471699 1.35897341768 0.92721230308 1.53951109653 -1.24787163938 2.39000445369 -1.57122837061 1.49234871736
4.481699 1.35820618669 0.928362791933 1.54066230064 -1.25017261708 2.38808685306 -1.56969438547 1.49196522108
4.491699 1.35743943254 0.929896777071 1.54027880435 -1.25209009851 2.38540249828 -1.56969438547 1.49158172479
4.501699 1.35743943254 0.929896777071 1.54027880435 -1.25209009851 2.38540249828 -1.56969438547 1.49158172479
4.511683 1.35743943254 0.929896777071 1.54027880435 -1.25209009851 2.38540249828 -1.56969438547 1.49158172479
4.521700 1.35897341768 0.932197754778 1.54066230064 -1.25822603906 2.37926679614 -1.56624291891 1.49158172479
4.531699 1.35820618669 0.932964747347 1.54104543929 -1.26091051305 2.37696558002 -1.56624291891 1.49081473222
4.541696 1.35897341768 0.934498732485 1.53912760024 -1.26244449819 2.37389760974 -1.56585942262 1.49081473222
4.551700 1.35897341768 0.934498732485 1.53912760024 -1.26244449819 2.37389760974 -1.56585942262 1.49081473222
4.561705 1.35897341768 0.934498732485 1.53912760024 -1.26244449819 2.37389760974 -1.56585942262 1.49081473222
4.571698 1.35858956376 0.937183206477 1.53951109653 -1.27088129724 2.36661106113 -1.56125746721 1.49273185602
4.581686 1.35935679475 0.936416213908 1.53951109653 -1.27279877866 2.36469369891 -1.56010697836 1.49081473222
4.591684 1.35782280961 0.939100687899 1.54066230064 -1.27548325265 2.36200910571 -1.5589564895 1.49119787088
4.601708 1.35782280961 0.939100687899 1.54066230064 -1.27548325265 2.36200910571 -1.5589564895 1.49119787088
4.611720 1.35782280961 0.939100687899 1.54066230064 -1.27548325265 2.36200910571 -1.5589564895 1.49119787088
4.621716 1.35897341768 0.941401665606 1.54027880435 -1.28392017091 2.35472327235 -1.55473803037 1.49081473222
4.631703 1.35782280961 0.941401665606 1.53989459281 -1.28698814118 2.35127144817 -1.55320404523 1.49043123594
4.641676 1.35897341768 0.942552154459 1.54142893558 -1.28967261518 2.3485873318 -1.55243705267 1.49081473222
4.651702 1.35897341768 0.942552154459 1.54142893558 -1.28967261518 2.3485873318 -1.55243705267 1.49081473222
4.661701 1.35897341768 0.942552154459 1.54142893558 -1.28967261518 2.3485873318 -1.55243705267 1.49081473222
4.671701 1.35858956376 0.944469635882 1.54066230064 -1.29849302972 2.3405335522 -1.54975257867 1.49196522108
4.681700 1.35782280961 0.944469635882 1.53989459281 -1.30194449628 2.33669858936 -1.54745160097 1.49081473222
4.691699 1.35897341768 0.944853132166 1.54104543929 -1.30539596284 2.33478146556 -1.54553411954 1.49119787088
4.701701 1.35897341768 0.944853132166 1.54104543929 -1.30539596284 2.33478146556 -1.54553411954 1.49119787088
4.711699 1.35897341768 0.944853132166 1.54104543929 -1.30539596284 2.33478146556 -1.54553411954 1.49119787088
4.721700 1.35782280961 0.94600362102 1.54066230064 -1.31536674703 2.32634407047 -1.54208265298 1.49158172479
4.731695 1.35935679475 0.946387117304 1.53989459281 -1.31651723588 2.3240435696 -1.54054866785 1.49158172479
4.741685 1.35897341768 0.946387117304 1.53874446159 -1.32111919129 2.32212596896 -1.53786431306 1.49158172479
4.751696 1.35897341768 0.946387117304 1.53874446159 -1.32111919129 2.32212596896 -1.53786431306 1.49158172479
4.761699 1.35897341768 0.946387117304 1.53874446159 -1.32111919129 2.32212596896 -1.53786431306 1.49158172479
4.771681 1.35667220155 0.949071591296 1.53951109653 -1.32802212442 2.31522279742 -1.5321118688 1.49119787088
4.781701 1.35820618669 0.948304598727 1.53989459281 -1.33147359098 2.31292229655 -1.53096137994 1.49196522108
4.791695 1.35705557863 0.949071591296 1.53989459281 -1.33415806497 2.31138831142 -1.52904389852 1.49119787088
4.801700 1.35705557863 0.949071591296 1.53989459281 -1.33415806497 2.31138831142 -1.52904389852 1.49119787088
4.811695 1.35705557863 0.949071591296 1.53989459281 -1.33415806497 2.31138831142 -1.52904389852 1.49119787088
4.821699 1.35820618669 0.950222080149 1.53874446159 -1.34106099809 2.30640250209 -1.51983998769 1.49119787088
4.831695 1.35897341768 0.950605576434 1.54027880435 -1.34297847951 2.30486851695 -1.51638852113 1.49158172479
4.841690 1.35743943254 0.951756065287 1.53989459281 -1.3456629535 2.30486851695 -1.512170062 1.49119787088
4.851671 1.35743943254 0.951756065287 1.53989459281 -1.3456629535 2.30486851695 -1.512170062 1.49119787088
4.861700 1.35743943254 0.951756065287 1.53989459281 -1.3456629535 2.30486851695 -1.512170062 1.49119787088
4.871672 1.35782280961 0.952906554141 1.53951109653 -1.34988129342 2.30256753925 -1.4998981809 1.49004773966
4.881699 1.35820618669 0.954824035563 1.54027880435 -1.3529492637 2.30141693118 -1.49606333727 1.49234871736
4.891667 1.35782280961 0.955207531847 1.53951109653 -1.35371625627 2.30141693118 -1.49184487814 1.49119787088
4.901699 1.35782280961 0.955207531847 1.53951109653 -1.35371625627 2.30141693118 -1.49184487814 1.49119787088
4.911702 1.35782280961 0.955207531847 1.53951109653 -1.35371625627 2.30141693118 -1.49184487814 1.49119787088
4.921699 1.35820618669 0.956358020701 1.53989459281 -1.35755121911 2.30218440059 -1.47688852304 1.49196522108
4.931699 1.35858956376 0.957508509554 1.53951109653 -1.35870170797 2.30141693118 -1.46998558992 1.49119787088
4.941698 1.35782280961 0.957508509554 1.53989459281 -1.3602356931 2.30218440059 -1.46461664194 1.49158172479
4.951695 1.35782280961 0.957508509554 1.53989459281 -1.3602356931 2.30218440059 -1.46461664194 1.49158172479
4.961695 1.35782280961 0.957508509554 1.53989459281 -1.3602356931 2.30218440059 -1.46461664194 1.49158172479
4.971699 1.35897341768 0.959042375483 1.53989459281 -1.36292016709 2.30180054668 -1.44774292463 1.49119787088
4.981670 1.35820618669 0.959425871767 1.53989459281 -1.36330366338 2.30256753925 -1.44122348779 1.49119787088
4.991700 1.35935679475 0.959425871767 1.53912760024 -1.36368715966 2.30141693118 -1.43547104353 1.49196522108
5.001699 1.35935679475 0.959425871767 1.53912760024 -1.36368715966 2.30141693118 -1.43547104353 1.49196522108
5.011686 1.35935679475 0.959425871767 1.53912760024 -1.36368715966 2.30141693118 -1.43547104353 1.49196522108
5.021701 1.35897341768 0.959809368052 1.54027880435 -1.36483764852 2.30410152438 -1.4162962293 1.49081473222
5.031699 1.35743943254 0.958658879198 1.54027880435 -1.36445415223 2.30448490146 -1.41207777017 1.49119787088
5.041698 1.35897341768 0.959425871767 1.54027880435 -1.36560464109 2.306786356 -1.40517495626 1.49158172479
5.051696 1.35897341768 0.959425871767 1.54027880435 -1.36560464109 2.306786356 -1.40517495626 1.49158172479
5.061699 1.35897341768 0.959425871767 1.54027880435 -1.36560464109 2.306786356 -1.40517495626 1.49158172479
5.071672 1.35897341768 0.959042375483 1.53951109653 -1.36637163365 2.3110044575 -1.38676713461 1.49234871736
5.081699 1.35782280961 0.959042375483 1.54104543929 -1.36637163365 2.31253844264 -1.38063119405 1.49119787088
5.091700 1.35858956376 0.959042375483 1.53912760024 -1.36713862622 2.31483918193 -1.3744952535 1.49081473222
5.101687 1.35858956376 0.959042375483 1.53912760024 -1.36713862622 2.31483918193 -1.3744952535 1.49081473222
5.111699 1.35858956376 0.959042375483 1.53912760024 -1.36713862622 2.31483918193 -1.3744952535 1.49081473222
5.121709 1.35858956376 0.959042375483 1.53912760024 -1.36713862622 2.31483918193 -1.3744952535 1.49081473222
5.131699 1.35897341768 0.958658879198 1.53951109653 -1.36598813737 2.32174211505 -1.34918461794 1.49119787088
5.141699 1.35743943254 0.958658879198 1.53951109653 -1.36598813737 2.3240435696 -1.34496615881 1.49273185602
5.151700 1.35743943254 0.958658879198 1.53951109653 -1.36598813737 2.3240435696 -1.34496615881 1.49273185602
5.161700 1.35743943254 0.958658879198 1.53951109653 -1.36598813737 2.3240435696 -1.34496615881 1.49273185602
5.171684 1.35782280961 0.959042375483 1.54066230064 -1.36598813737 2.33363061908 -1.32655833715 1.49081473222
5.181698 1.35935679475 0.959042375483 1.53989459281 -1.36752212251 2.33478146556 -1.32349048608 1.49158172479
5.191698 1.35820618669 0.95712501327 1.53989459281 -1.36675512994 2.34014993671 -1.31467007154 1.49119787088
5.201689 1.35820618669 0.95712501327 1.53989459281 -1.36675512994 2.34014993671 -1.31467007154 1.49119787088
5.211699 1.35820618669 0.95712501327 1.53989459281 -1.36675512994 2.34014993671 -1.31467007154 1.49119787088
5.221699 1.35820618669 0.959809368052 1.54066230064 -1.36713862622 2.35127144817 -1.29856322759 1.49081473222
5.231700 1.35858956376 0.958275502123 1.54066230064 -1.36637163365 2.35510641101 -1.29281078333 1.49196522108
5.241697 1.35820618669 0.958658879198 1.54142893558 -1.36675512994 2.35932522777 -1.28744183534 1.49234871736
5.251716 1.35820618669 0.958658879198 1.54142893558 -1.36675512994 2.35932522777 -1.28744183534 1.49234871736
5.261695 1.35820618669 0.958658879198 1.54142893558 -1.36675512994 2.35932522777 -1.28744183534 1.49234871736
5.271695 1.35858956376 0.959425871767 1.53989459281 -1.36637163365 2.37198048595 -1.27401958459 1.49196522108
5.281696 1.35897341768 0.959042375483 1.54027880435 -1.36637163365 2.37466484073 -1.2713351106 1.49081473222
5.291695 1.35897341768 0.959425871767 1.54027880435 -1.36560464109 2.38118439677 -1.26596616262 1.49158172479
5.301683 1.35897341768 0.959425871767 1.54027880435 -1.36560464109 2.38118439677 -1.26596616262 1.49158172479
5.311670 1.35897341768 0.959425871767 1.54027880435 -1.36560464109 2.38118439677 -1.26596616262 1.49158172479
5.321679 1.35782280961 0.960576360621 1.53951109653 -1.36675512994 2.39537340167 -1.25676225179 1.49158172479
5.331684 1.35858956376 0.95712501327 1.54104543929 -1.36713862622 2.40035873416 -1.25331078523 1.49119787088
5.341700 1.35858956376 0.959425871767 1.53989459281 -1.36675512994 2.40266018871 -1.25292728895 1.49234871736
5.351687 1.35858956376 0.959425871767 1.53989459281 -1.36675512994 2.40266018871 -1.25292728895 1.49234871736
5.361700 1.35858956376 0.959425871767 1.53989459281 -1.36675512994 2.40266018871 -1.25292728895 1.49234871736
5.371698 1.35858956376 0.959042375483 1.53989459281 -1.36637163365 2.42336851123 -1.24832533353 1.49158172479
5.381700 1.35897341768 0.958658879198 1.53912760024 -1.36560464109 2.42835384372 -1.24602435583 1.49158172479
5.391699 1.35935679475 0.959042375483 1.53989459281 -1.36598813737 2.4341064072 -1.24487386697 1.49043123594
5.401687 1.35935679475 0.959042375483 1.53989459281 -1.36598813737 2.4341064072 -1.24487386697 1.49043123594
5.411701 1.35935679475 0.959042375483 1.53989459281 -1.36598813737 2.4341064072 -1.24487386697 1.49043123594
5.421699 1.35974017183 0.959809368052 1.53989459281 -1.36713862622 2.4536645985 -1.24525736326 1.49158172479
5.431688 1.35974017183 0.957892005839 1.53912760024 -1.36675512994 2.46018439296 -1.24487386697 1.49119787088
5.441699 1.3601235489 0.958658879198 1.54066230064 -1.36675512994 2.46210151675 -1.24487386697 1.49081473222
5.451688 1.3601235489 0.958658879198 1.54066230064 -1.36675512994 2.46210151675 -1.24487386697 1.49081473222
5.461700 1.3601235489 0.958658879198 1.54066230064 -1.36675512994 2.46210151675 -1.24487386697 1.49081473222
5.471700 1.3628081421 0.959425871767 1.53989459281 -1.36598813737 2.48626166347 -1.24947582239 1.49081473222
5.481699 1.36472550432 0.958275502123 1.54027880435 -1.36598813737 2.49163061145 -1.24985931867 1.49081473222
5.491700 1.3654927353 0.959809368052 1.53951109653 -1.36560464109 2.49968439105 -1.25254379266 1.49119787088
5.501680 1.3654927353 0.959809368052 1.53951109653 -1.36560464109 2.49968439105 -1.25254379266 1.49119787088
5.511705 1.3654927353 0.959809368052 1.53951109653 -1.36560464109 2.49968439105 -1.25254379266 1.49119787088
5.521699 1.36971083681 0.959425871767 1.53989459281 -1.36675512994 2.51579075816 -1.25752924436 1.49158172479
5.531688 1.37124482194 0.958658879198 1.53989459281 -1.36598813737 2.52231031421 -1.25983022207 1.49081473222
5.541688 1.37162867586 0.959042375483 1.53912760024 -1.36790561879 2.52614503864 -1.26136420721 1.49158172479
5.551687 1.37162867586 0.959042375483 1.53912760024 -1.36790561879 2.52614503864 -1.26136420721 1.49158172479
5.561704 1.37162867586 0.959042375483 1.53912760024 -1.36790561879 2.52614503864 -1.26136420721 1.49158172479
5.571680 1.37661400834 0.958658879198 1.54104543929 -1.36713862622 2.53726655009 -1.26941762918 1.49119787088
5.581700 1.37776461641 0.959425871767 1.53989459281 -1.36637163365 2.54033452037 -1.27325259203 1.49196522108
5.591700 1.37929860155 0.957892005839 1.53989459281 -1.36598813737 2.54416948322 -1.27708755487 1.49119787088
5.601700 1.37929860155 0.957892005839 1.53989459281 -1.36598813737 2.54416948322 -1.27708755487 1.49119787088
5.611700 1.37929860155 0.957892005839 1.53989459281 -1.36598813737 2.54416948322 -1.27708755487 1.49119787088
5.621699 1.38428393403 0.958275502123 1.53989459281 -1.36675512994 2.55145627025 -1.28935931676 1.49158172479
5.631713 1.38581791917 0.958658879198 1.54027880435 -1.36713862622 2.55222326282 -1.29549525732 1.49158172479
5.641699 1.38773528139 0.959042375483 1.53989459281 -1.36675512994 2.55375677112 -1.29933022016 1.49081473222
5.651695 1.38773528139 0.959042375483 1.53989459281 -1.36675512994 2.55375677112 -1.29933022016 1.49081473222
5.661705 1.38773528139 0.959042375483 1.53989459281 -1.36675512994 2.55375677112 -1.29933022016 1.49081473222
5.671699 1.39272061387 0.958658879198 1.54027880435 -1.36752212251 2.55414038661 -1.31697104925 1.49196522108
5.681700 1.39348784486 0.959042375483 1.53951109653 -1.36598813737 2.55375677112 -1.32233999723 1.49119787088
5.691698 1.39463845292 0.959042375483 1.53951109653 -1.36713862622 2.55375677112 -1.32847581857 1.49119787088
5.701688 1.39463845292 0.959042375483 1.53951109653 -1.36713862622 2.55375677112 -1.32847581857 1.49119787088
5.711701 1.39463845292 0.959042375483 1.53951109653 -1.36713862622 2.55375677112 -1.32847581857 1.49119787088
5.721688 1.39808980028 0.958658879198 1.54066230064 -1.36637163365 2.55107241634 -1.34650014394 1.49119787088
5.731675 1.39962378541 0.958658879198 1.53951109653 -1.36637163365 2.54877143863 -1.3526360845 1.49119787088
5.741701 1.39962378541 0.958658879198 1.53989459281 -1.36675512994 2.5495384312 -1.35953901762 1.49158172479
5.751689 1.39962378541 0.958658879198 1.53989459281 -1.36675512994 2.5495384312 -1.35953901762 1.49158172479
5.761687 1.39962378541 0.958658879198 1.53989459281 -1.36675512994 2.5495384312 -1.35953901762 1.49158172479
5.771699 1.40154114763 0.959425871767 1.53912760024 -1.36637163365 2.5453203297 -1.37641273492 1.49196522108
5.781699 1.40307513276 0.959425871767 1.54027880435 -1.36675512994 2.54608732227 -1.38254867548 1.49158172479
5.791698 1.40422574083 0.958275502123 1.54104543929 -1.36675512994 2.54570346835 -1.38791762346 1.49119787088
5.801699 1.40422574083 0.958275502123 1.54104543929 -1.36675512994 2.54570346835 -1.38791762346 1.49119787088
5.811700 1.40422574083 0.958275502123 1.54104543929 -1.36675512994 2.54570346835 -1.38791762346 1.49119787088
5.821699 1.40537634889 0.959425871767 1.53951109653 -1.36713862622 2.54416948322 -1.40364097112 1.49158172479
5.831681 1.4072937111 0.959042375483 1.54066230064 -1.36675512994 2.54301935199 -1.40785943025 1.49081473222
5.841700 1.4072937111 0.959042375483 1.53912760024 -1.36713862622 2.54340249065 -1.41246126646 1.49119787088
5.851692 1.4072937111 0.959042375483 1.53912760024 -1.36713862622 2.54340249065 -1.41246126646 1.49119787088
5.861693 1.4072937111 0.959042375483 1.53912760024 -1.36713862622 2.54340249065 -1.41246126646 1.49119787088
5.871701 1.40882769624 0.957892005839 1.54066230064 -1.36675512994 2.54378634456 -1.4262671327 1.49196522108
5.881716 1.40959445039 0.959042375483 1.54027880435 -1.36790561879 2.54416948322 -1.42933510297 1.49119787088
5.891719 1.41074505845 0.959425871767 1.53951109653 -1.36637163365 2.54455333713 -1.43240307325 1.49119787088
5.901712 1.41074505845 0.959425871767 1.53951109653 -1.36637163365 2.54455333713 -1.43240307325 1.49119787088
5.911721 1.41074505845 0.959425871767 1.53951109653 -1.36637163365 2.54455333713 -1.43240307325 1.49119787088
5.921707 1.41266242067 0.959042375483 1.54027880435 -1.36713862622 2.54378634456 -1.44314096922 1.49158172479
5.931699 1.41304579774 0.959042375483 1.54027880435 -1.36713862622 2.54455333713 -1.44697593206 1.49081473222
5.941701 1.41304579774 0.957892005839 1.54066230064 -1.36675512994 2.54378634456 -1.45042739862 1.49158172479
5.951671 1.41304579774 0.957892005839 1.54066230064 -1.36675512994 2.54378634456 -1.45042739862 1.49158172479
5.961685 1.41304579774 0.957892005839 1.54066230064 -1.36675512994 2.54378634456 -1.45042739862 1.49158172479
5.971715 1.41649762193 0.958275502123 1.54027880435 -1.36713862622 2.54455333713 -1.45848070139 1.49043123594
5.981717 1.41803160707 0.958658879198 1.54027880435 -1.36713862622 2.54340249065 -1.46116517538 1.49119787088
5.991717 1.41841498414 0.959042375483 1.54066230064 -1.36637163365 2.54378634456 -1.46384964937 1.49158172479
6.001703 1.41841498414 0.959042375483 1.54066230064 -1.36637163365 2.54378634456 -1.46384964937 1.49158172479
6.011707 1.41841498414 0.959042375483 1.54066230064 -1.36637163365 2.54378634456 -1.46384964937 1.49158172479
6.021790 1.41994896928 0.959425871767 1.54066230064 -1.36637163365 2.54455333713 -1.46960209364 1.49196522108
6.031762 1.42148295442 0.958275502123 1.53874446159 -1.36713862622 2.54340249065 -1.47190307134 1.49158172479
6.041734 1.42263356248 0.958275502123 1.54027880435 -1.36752212251 2.54455333713 -1.47382055276 1.49196522108
6.051731 1.42263356248 0.958275502123 1.54027880435 -1.36752212251 2.54455333713 -1.47382055276 1.49196522108
6.061728 1.42263356248 0.958275502123 1.54027880435 -1.36752212251 2.54455333713 -1.47382055276 1.49196522108
6.071699 1.42416754762 0.958658879198 1.53989459281 -1.36790561879 2.54340249065 -1.47765551561 1.49158172479
6.081699 1.42378369371 0.958658879198 1.53989459281 -1.36713862622 2.54340249065 -1.47957299703 1.49196522108
6.091687 1.42416754762 0.957892005839 1.53951109653 -1.36637163365 2.54378634456 -1.4803399896 1.49081473222
6.101699 1.42416754762 0.957892005839 1.53951109653 -1.36637163365 2.54378634456 -1.4803399896 1.49081473222
6.111671 1.42416754762 0.957892005839 1.53951109653 -1.36637163365 2.54378634456 -1.4803399896 1.49081473222
6.121700 1.42416754762 0.959809368052 1.54066230064 -1.36713862622 2.5453203297 -1.48110698217 1.49158172479
6.131699 1.42301693956 0.959425871767 1.53912760024 -1.36598813737 2.54416948322 -1.48187397474 1.49119787088
6.141698 1.42416754762 0.959809368052 1.54142893558 -1.36790561879 2.54416948322 -1.48110698217 1.49196522108
6.151689 1.42416754762 0.959809368052 1.54142893558 -1.36790561879 2.54416948322 -1.48110698217 1.49196522108
6.161715 1.42416754762 0.959809368052 1.54142893558 -1.36790561879 2.54416948322 -1.48110698217 1.49196522108
6.171699 1.42416754762 0.959042375483 1.54104543929 -1.36598813737 2.54416948322 -1.48072348589 1.49081473222
6.181699 1.4245509247 0.959042375483 1.53912760024 -1.36752212251 2.54416948322 -1.48072348589 1.49119787088
6.191687 1.42416754762 0.959809368052 1.53989459281 -1.36637163365 2.54301935199 -1.48110698217 1.49196522108
6.201692 1.42416754762 0.959809368052 1.53989459281 -1.36637163365 2.54301935199 -1.48110698217 1.49196522108
6.211700 1.42416754762 0.959809368052 1.53989459281 -1.36637163365 2.54301935199 -1.48110698217 1.49196522108
6.221709 1.4245509247 0.958275502123 1.53951109653 -1.36675512994 2.54378634456 -1.48149047845 1.49081473222
6.231699 1.4245509247 0.958658879198 1.54027880435 -1.36790561879 2.54340249065 -1.48149047845 1.49119787088
6.241699 1.4245509247 0.957892005839 1.54027880435 -1.36637163365 2.54416948322 -1.48110698217 1.49119787088
6.251689 1.4245509247 0.957892005839 1.54027880435 -1.36637163365 2.54416948322 -1.48110698217 1.49119787088
6.261717 1.4245509247 0.957892005839 1.54027880435 -1.36637163365 2.54416948322 -1.48110698217 1.49119787088
6.271699 1.4245509247 0.958658879198 1.53797746902 -1.36675512994 2.54301935199 -1.48072348589 1.49081473222
6.281698 1.42493430177 0.959425871767 1.53951109653 -1.36713862622 2.54493647578 -1.4803399896 1.49081473222
6.291689 1.4245509247 0.957892005839 1.53951109653 -1.36828911508 2.54493647578 -1.48110698217 1.49158172479
6.301700 1.4245509247 0.957892005839 1.53951109653 -1.36828911508 2.54493647578 -1.48110698217 1.49158172479
6.311698 1.4245509247 0.957892005839 1.53951109653 -1.36828911508 2.54493647578 -1.48110698217 1.49158172479
6.321671 1.4245509247 0.957892005839 1.53874446159 -1.36675512994 2.54340249065 -1.47842250818 1.49119787088
6.331701 1.4245509247 0.959425871767 1.53951109653 -1.36598813737 2.54340249065 -1.47650502676 1.49081473222
6.341699 1.42340031663 0.958275502123 1.53912760024 -1.36752212251 2.54340249065 -1.47420404905 1.49158172479
6.351701 1.42340031663 0.958275502123 1.53912760024 -1.36752212251 2.54340249065 -1.47420404905 1.49158172479
6.361688 1.42340031663 0.958275502123 1.53912760024 -1.36752212251 2.54340249065 -1.47420404905 1.49158172479
6.371700 1.4245509247 0.958658879198 1.53912760024 -1.36790561879 2.5453203297 -1.46883510107 1.49196522108
6.381699 1.42416754762 0.959042375483 1.53951109653 -1.36982310022 2.54416948322 -1.46576713079 1.49081473222
6.391688 1.42340031663 0.959042375483 1.54142893558 -1.36982310022 2.54455333713 -1.46461664194 1.49119787088
6.401701 1.42340031663 0.959042375483 1.54142893558 -1.36982310022 2.54455333713 -1.46461664194 1.49119787088
6.411700 1.42340031663 0.959042375483 1.54142893558 -1.36982310022 2.54455333713 -1.46461664194 1.49119787088
6.421687 1.42493430177 0.957892005839 1.53912760024 -1.37710952962 2.54416948322 -1.45886419767 1.49119787088
6.431699 1.4245509247 0.955207531847 1.53989459281 -1.3801774999 2.54455333713 -1.45733021253 1.49119787088
6.441697 1.42340031663 0.954440539278 1.54027880435 -1.38362896646 2.54455333713 -1.45617972368 1.49234871736
6.451688 1.42340031663 0.954440539278 1.54027880435 -1.38362896646 2.54455333713 -1.45617972368 1.49234871736
6.461717 1.42340031663 0.954440539278 1.54027880435 -1.38362896646 2.54455333713 -1.45617972368 1.49234871736
6.471700 1.42493430177 0.950605576434 1.53874446159 -1.39513373578 2.54416948322 -1.45387874597 1.49119787088
6.481698 1.42416754762 0.950605576434 1.5383609653 -1.39896869863 2.54340249065 -1.45502923483 1.49081473222
6.491689 1.42416754762 0.948688095011 1.53797746902 -1.40318715776 2.54455333713 -1.45464573854 1.49158172479
6.501695 1.42416754762 0.948688095011 1.53797746902 -1.40318715776 2.54455333713 -1.45464573854 1.49158172479
6.511710 1.42416754762 0.948688095011 1.53797746902 -1.40318715776 2.54455333713 -1.45464573854 1.49158172479
6.521687 1.42416754762 0.942935650744 1.53951109653 -1.41891050542 2.54416948322 -1.45848070139 1.49158172479
6.531700 1.42416754762 0.943319147028 1.53989459281 -1.42466294969 2.54493647578 -1.46039818281 1.49119787088
6.541699 1.42531767885 0.941401665606 1.53912760024 -1.42888140882 2.54416948322 -1.46193216795 1.49158172479
6.551681 1.42531767885 0.941401665606 1.53912760024 -1.42888140882 2.54416948322 -1.46193216795 1.49158172479
6.561697 1.42531767885 0.941401665606 1.53912760024 -1.42888140882 2.54416948322 -1.46193216795 1.49158172479
6.571697 1.4245509247 0.935649221339 1.54027880435 -1.44498813356 2.54493647578 -1.47075258249 1.49158172479
6.581699 1.42493430177 0.933731739916 1.54027880435 -1.45112407411 2.54493647578 -1.47420404905 1.49043123594
6.591700 1.42531767885 0.931430762209 1.54027880435 -1.45687651837 2.54378634456 -1.47650502676 1.49119787088
6.601648 1.42531767885 0.931430762209 1.54027880435 -1.45687651837 2.54378634456 -1.47650502676 1.49119787088
6.611701 1.42531767885 0.931430762209 1.54027880435 -1.45687651837 2.54378634456 -1.47650502676 1.49119787088
6.621699 1.42531767885 0.926828806796 1.53989459281 -1.47221636975 2.54455333713 -1.49069438928 1.49119787088
6.631700 1.42531767885 0.926445310511 1.5383609653 -1.47796869481 2.54455333713 -1.4952963447 1.49081473222
6.641700 1.42570153276 0.924144332804 1.53951109653 -1.48257065023 2.54378634456 -1.50066517347 1.49081473222
6.651665 1.42570153276 0.924144332804 1.53951109653 -1.48257065023 2.54378634456 -1.50066517347 1.49081473222
6.661697 1.42570153276 0.924144332804 1.53951109653 -1.48257065023 2.54378634456 -1.50066517347 1.49081473222
6.671686 1.42493430177 0.917624895968 1.53912760024 -1.49829399789 2.54455333713 -1.51600502485 1.49119787088
6.681697 1.42531767885 0.914557044901 1.54027880435 -1.50251245702 2.54340249065 -1.5221409654 1.49119787088
6.691699 1.42531767885 0.913790052332 1.54027880435 -1.50864839757 2.5453203297 -1.5271264171 1.49119787088
6.701699 1.42531767885 0.913790052332 1.54027880435 -1.50864839757 2.5453203297 -1.5271264171 1.49119787088
6.711698 1.42531767885 0.913790052332 1.54027880435 -1.50864839757 2.5453203297 -1.5271264171 1.49119787088
6.721683 1.42570153276 0.906120126643 1.53989459281 -1.52398812974 2.54416948322 -1.54476712698 1.49196522108
6.731700 1.42531767885 0.903435652651 1.53912760024 -1.52897358144 2.54493647578 -1.55128656381 1.49119787088
6.741699 1.42531767885 0.902668660082 1.53912760024 -1.53089106286 2.5453203297 -1.55358754152 1.49158172479
6.751680 1.42531767885 0.902668660082 1.53912760024 -1.53089106286 2.5453203297 -1.55358754152 1.49158172479
6.761691 1.42531767885 0.902668660082 1.53912760024 -1.53089106286 2.5453203297 -1.55358754152 1.49158172479
6.771696 1.4272355179 0.894615238108 1.53912760024 -1.54814839566 2.54301935199 -1.57583032602 1.49119787088
6.781697 1.42876950303 0.891930764117 1.54066230064 -1.55351734365 2.54416948322 -1.58234964365 1.49158172479
6.791698 1.42953625719 0.891163771548 1.53951109653 -1.55735230649 2.54378634456 -1.58810208791 1.49081473222
6.801695 1.42953625719 0.891163771548 1.53951109653 -1.55735230649 2.54378634456 -1.58810208791 1.49081473222
6.811698 1.42953625719 0.891163771548 1.53951109653 -1.55735230649 2.54378634456 -1.58810208791 1.49081473222
6.821675 1.43375483552 0.883877342143 1.54027880435 -1.57537651265 2.54263549808 -1.605742917 1.49119787088
6.831700 1.4341382126 0.882343357005 1.53912760024 -1.58112895692 2.54378634456 -1.6107283687 1.49158172479
6.841696 1.43567219774 0.881192868151 1.53951109653 -1.58573091233 2.54416948322 -1.6157138204 1.49119787088
6.851680 1.43567219774 0.881192868151 1.53951109653 -1.58573091233 2.54416948322 -1.6157138204 1.49119787088
6.861698 1.43567219774 0.881192868151 1.53951109653 -1.58573091233 2.54416948322 -1.6157138204 1.49119787088
6.871699 1.43758955995 0.877357905306 1.53989459281 -1.6037552377 2.54378634456 -1.62990306371 1.49081473222
6.881672 1.43758955995 0.874673431315 1.53912760024 -1.60874057019 2.54416948322 -1.63488851541 1.49081473222
6.891699 1.43912354509 0.873906438746 1.53989459281 -1.61487651075 2.54416948322 -1.63987396711 1.49119787088
6.901715 1.43912354509 0.873906438746 1.53989459281 -1.61487651075 2.54416948322 -1.63987396711 1.49119787088
6.911701 1.43912354509 0.873906438746 1.53989459281 -1.61487651075 2.54416948322 -1.63987396711 1.49119787088
6.921700 1.44219151536 0.870455091395 1.53989459281 -1.6332843324 2.54378634456 -1.65329633707 1.49081473222
6.931700 1.44295874635 0.868921106257 1.53912760024 -1.64095425809 2.54263549808 -1.65866528505 1.49119787088
6.941699 1.44410935441 0.868537609972 1.53874446159 -1.64632320607 2.54263549808 -1.66211675161 1.49081473222
6.951678 1.44410935441 0.868537609972 1.53874446159 -1.64632320607 2.54263549808 -1.66211675161 1.49081473222
6.961701 1.44410935441 0.868537609972 1.53874446159 -1.64632320607 2.54263549808 -1.66211675161 1.49081473222
6.971701 1.4490946869 0.865853135981 1.53951109653 -1.66588139737 2.54301935199 -1.67362152094 1.49196522108
6.981698 1.45024529497 0.865086143412 1.53989459281 -1.67240083421 2.54186850551 -1.67822347635 1.49158172479
6.991730 1.45139542619 0.862785165705 1.53951109653 -1.67815327848 2.54148536685 -1.68014095777 1.49158172479
7.001741 1.45139542619 0.862785165705 1.53951109653 -1.67815327848 2.54148536685 -1.68014095777 1.49158172479
7.011740 1.45139542619 0.862785165705 1.53951109653 -1.67815327848 2.54148536685 -1.68014095777 1.49158172479
7.021730 1.45638075868 0.861634676852 1.53874446159 -1.6996289512 2.53726655009 -1.69202934259 1.49043123594
7.031740 1.45829859773 0.859717195429 1.53912760024 -1.70614838803 2.53496557239 -1.69624780172 1.49119787088
7.041742 1.45944872896 0.858183210291 1.53989459281 -1.71228432859 2.53304844859 -1.69854877943 1.49119787088
7.051723 1.45944872896 0.858183210291 1.53989459281 -1.71228432859 2.53304844859 -1.69854877943 1.49119787088
7.061744 1.45944872896 0.858183210291 1.53989459281 -1.71228432859 2.53304844859 -1.69854877943 1.49119787088
7.071746 1.46558466951 0.855115240015 1.53951109653 -1.73299312795 2.52576166156 -1.70851956361 1.49234871736
7.081735 1.46750250856 0.854731743731 1.53912760024 -1.73989594186 2.52192669872 -1.71005354875 1.49004773966
7.091719 1.47018662492 0.853197758593 1.54027880435 -1.7464153787 2.51885872844 -1.71312151903 1.49158172479
7.101697 1.47018662492 0.853197758593 1.54027880435 -1.7464153787 2.51885872844 -1.71312151903 1.49158172479
7.111706 1.47018662492 0.853197758593 1.54027880435 -1.7464153787 2.51885872844 -1.71312151903 1.49158172479
7.121707 1.47555581132 0.849362795748 1.53912760024 -1.76712417806 2.50965529445 -1.721174941 1.49158172479
7.131705 1.47900715867 0.849362795748 1.5383609653 -1.77210951055 2.50697046283 -1.7261603927 1.49119787088
7.141706 1.4813083748 0.848212306895 1.54066230064 -1.7782454511 2.50390249255 -1.72807787412 1.49081473222
7.151724 1.4813083748 0.848212306895 1.54066230064 -1.7782454511 2.50390249255 -1.72807787412 1.49081473222
7.161722 1.4813083748 0.848212306895 1.54066230064 -1.7782454511 2.50390249255 -1.72807787412 1.49081473222
7.171707 1.48897830049 0.843610351481 1.53951109653 -1.79742026532 2.49661642078 -1.73689828867 1.49119787088
7.181696 1.49166241685 0.842459862627 1.53912760024 -1.80432319844 2.4935484505 -1.73766528123 1.49081473222
7.191707 1.49396363298 0.842843358912 1.53951109653 -1.81007564271 2.49124747279 -1.7411167478 1.49081473222
7.201708 1.49396363298 0.842843358912 1.53951109653 -1.81007564271 2.49124747279 -1.7411167478 1.49081473222
7.211707 1.49396363298 0.842843358912 1.53951109653 -1.81007564271 2.49124747279 -1.7411167478 1.49081473222
7.221704 1.50355092088 0.835940425791 1.53912760024 -1.82848334516 2.48396068576 -1.75032065862 1.49081473222
7.231706 1.50546828309 0.835173433222 1.53951109653 -1.83346879686 2.48165970805 -1.75262151712 1.49043123594
7.241708 1.50968686143 0.833639448084 1.54066230064 -1.84037172998 2.48050933841 -1.75415550226 1.49043123594
7.251706 1.50968686143 0.833639448084 1.54066230064 -1.84037172998 2.48050933841 -1.75415550226 1.49043123594
7.261706 1.50968686143 0.833639448084 1.54066230064 -1.84037172998 2.48050933841 -1.75415550226 1.49043123594
7.271717 1.5177401642 0.82903761188 1.54027880435 -1.85647845471 2.475907383 -1.75952445024 1.49158172479
7.281695 1.5204247574 0.828654115595 1.53951109653 -1.8618474027 2.47207242015 -1.76105843538 1.49158172479
7.291706 1.52272549669 0.826736634173 1.53951109653 -1.86721635068 2.47168880466 -1.76105843538 1.49158172479
7.301703 1.52272549669 0.826736634173 1.53951109653 -1.86721635068 2.47168880466 -1.76105843538 1.49158172479
7.311702 1.52272549669 0.826736634173 1.53951109653 -1.86721635068 2.47168880466 -1.76105843538 1.49158172479
7.321698 1.52962866823 0.823285167613 1.53912760024 -1.88370669091 2.4659364796 -1.76412640565 1.49081473222
7.331699 1.53308001558 0.822901671328 1.53912760024 -1.88984263147 2.46478634837 -1.76527689451 1.49081473222
7.341699 1.53384724656 0.822518175044 1.53797746902 -1.89329409803 2.46363550189 -1.76450990194 1.49158172479
7.351703 1.53384724656 0.822518175044 1.53797746902 -1.89329409803 2.46363550189 -1.76450990194 1.49158172479
7.361706 1.53384724656 0.822518175044 1.53797746902 -1.89329409803 2.46363550189 -1.76450990194 1.49158172479
7.371707 1.54036656419 0.816765730776 1.53989459281 -1.90786695684 2.4559655762 -1.76489339822 1.49081473222
7.381698 1.54381791154 0.815998738207 1.54066230064 -1.91131830419 2.4559655762 -1.76642738336 1.49196522108
7.391706 1.54458466569 0.815231745638 1.53951109653 -1.91707074845 2.45251446727 -1.76566039079 1.49119787088
7.401706 1.54458466569 0.815231745638 1.53951109653 -1.91707074845 2.45251446727 -1.76566039079 1.49119787088
7.411707 1.54458466569 0.815231745638 1.53951109653 -1.91707074845 2.45251446727 -1.76566039079 1.49119787088
7.421708 1.54995385209 0.811013286509 1.53989459281 -1.92780864442 2.44522768024 -1.76681087965 1.49081473222
7.431702 1.55187121431 0.811013286509 1.53989459281 -1.93241059983 2.44292670253 -1.76719437593 1.49081473222
7.441701 1.55378857652 0.810629790224 1.53951109653 -1.93586206639 2.44062572482 -1.76681087965 1.49081473222
7.451699 1.55378857652 0.810629790224 1.53951109653 -1.93586206639 2.44062572482 -1.76681087965 1.49081473222
7.461700 1.55378857652 0.810629790224 1.53951109653 -1.93586206639 2.44062572482 -1.76681087965 1.49081473222
7.471699 1.55762377778 0.808328812518 1.53951109653 -1.94468236173 2.43487339977 -1.76642738336 1.49158172479
7.481723 1.55992451707 0.809095805087 1.53951109653 -1.94851732457 2.43065482143 -1.76719437593 1.49158172479
7.491700 1.56184235612 0.807178323664 1.53951109653 -1.95081830228 2.42873745921 -1.76681087965 1.49158172479
7.501699 1.56184235612 0.807178323664 1.53951109653 -1.95081830228 2.42873745921 -1.76681087965 1.49158172479
7.511689 1.56184235612 0.807178323664 1.53951109653 -1.95081830228 2.42873745921 -1.76681087965 1.49158172479
7.521698 1.56644431154 0.80679482738 1.54066230064 -1.95810473168 2.42221838 -1.76719437593 1.49158172479
7.531699 1.56759444276 0.806411331095 1.53912760024 -1.96117270196 2.4199174023 -1.76681087965 1.49119787088
7.541698 1.56874505083 0.806411331095 1.54066230064 -1.96232319081 2.41838341716 -1.76719437593 1.49119787088
7.551700 1.56874505083 0.806411331095 1.54066230064 -1.96232319081 2.41838341716 -1.76719437593 1.49119787088
7.561704 1.56874505083 0.806411331095 1.54066230064 -1.96232319081 2.41838341716 -1.76719437593 1.49119787088
7.571700 1.57258025209 0.803343360819 1.53951109653 -1.96884262765 2.41263061526 -1.76681087965 1.49158172479
7.581701 1.57296362916 0.80257636825 1.53874446159 -1.9699931165 2.40994602206 -1.76757787222 1.49043123594
7.591700 1.5744976143 0.803343360819 1.54027880435 -1.97229409421 2.40994602206 -1.76681087965 1.49119787088
7.601700 1.5744976143 0.803343360819 1.54027880435 -1.97229409421 2.40994602206 -1.76681087965 1.49119787088
7.611716 1.5744976143 0.803343360819 1.54027880435 -1.97229409421 2.40994602206 -1.76681087965 1.49119787088
7.621701 1.57756558458 0.801042383112 1.53951109653 -1.97612905706 2.40572792056 -1.76757787222 1.49081473222
7.631701 1.57833233873 0.800275390543 1.54066230064 -1.9772794267 2.40457707408 -1.76719437593 1.49081473222
7.641701 1.57871619264 0.79912490169 1.53951109653 -1.97843003476 2.40304308894 -1.76681087965 1.49043123594
7.651713 1.57871619264 0.79912490169 1.53951109653 -1.97843003476 2.40304308894 -1.76681087965 1.49043123594
7.661706 1.57871619264 0.79912490169 1.53951109653 -1.97843003476 2.40304308894 -1.76681087965 1.49043123594
7.671701 1.58101693193 0.797207420268 1.53912760024 -1.98111438954 2.40035873416 -1.76681087965 1.49081473222
7.681700 1.581400309 0.796440427699 1.53989459281 -1.98188138211 2.39997511867 -1.76719437593 1.49119787088
7.691701 1.58293429414 0.795289938845 1.53951109653 -1.98188138211 2.3992081261 -1.76681087965 1.48928074709
7.701699 1.58293429414 0.795289938845 1.53951109653 -1.98188138211 2.3992081261 -1.76681087965 1.48928074709
7.711687 1.58293429414 0.795289938845 1.53951109653 -1.98188138211 2.3992081261 -1.76681087965 1.48928074709
7.721700 1.58446827928 0.792988961138 1.53989459281 -1.98418235982 2.39729076389 -1.76681087965 1.48314444891
7.731700 1.58446827928 0.792605464854 1.53951109653 -1.98456597531 2.39767437938 -1.7679613685 1.48237781397
7.741690 1.58446827928 0.792221968569 1.53989459281 -1.98571634496 2.39767437938 -1.76757787222 1.47892598978
7.751701 1.58446827928 0.792221968569 1.53989459281 -1.98571634496 2.39767437938 -1.76757787222 1.47892598978
7.761700 1.58446827928 0.792221968569 1.53989459281 -1.98571634496 2.39767437938 -1.76757787222 1.47892598978
7.771696 1.58523551027 0.790304487147 1.54027880435 -1.9872503301 2.39844113353 -1.76757787222 1.46972207895
7.781702 1.58485165635 0.789537494578 1.54027880435 -1.98878431523 2.39882474902 -1.76872836107 1.46665410867
7.791695 1.58561888734 0.789153998293 1.53874446159 -1.98840093816 2.39767437938 -1.7679613685 1.46281962267
7.801700 1.58561888734 0.789153998293 1.53874446159 -1.98840093816 2.39767437938 -1.7679613685 1.46281962267
7.811713 1.58561888734 0.789153998293 1.53874446159 -1.98840093816 2.39767437938 -1.7679613685 1.46281962267
7.821727 1.58676949541 0.78723663608 1.53951109653 -1.98916793073 2.39805823329 -1.76757787222 1.4520817267
7.831729 1.58561888734 0.786469643511 1.53989459281 -1.9895513078 2.39767437938 -1.76719437593 1.44824676386
7.841720 1.58561888734 0.785702650942 1.54066230064 -1.9895513078 2.3992081261 -1.76681087965 1.44479493967
7.851684 1.58561888734 0.785702650942 1.54066230064 -1.9895513078 2.3992081261 -1.76681087965 1.44479493967
7.861699 1.58561888734 0.785702650942 1.54066230064 -1.9895513078 2.3992081261 -1.76681087965 1.44479493967
7.871707 1.58638564149 0.784168665804 1.53874446159 -1.9895513078 2.39614039424 -1.7679613685 1.4348243939
7.881700 1.58600226442 0.783401673235 1.54066230064 -1.99031830037 2.39805823329 -1.76757787222 1.43137292734
7.891699 1.58561888734 0.782634680666 1.53912760024 -1.99031830037 2.39844113353 -1.76834486478 1.42830495706
7.901701 1.58561888734 0.782634680666 1.53912760024 -1.99031830037 2.39844113353 -1.76834486478 1.42830495706
7.911699 1.58561888734 0.782634680666 1.53912760024 -1.99031830037 2.39844113353 -1.76834486478 1.42830495706
7.921699 1.58600226442 0.780717199244 1.53874446159 -1.9899349233 2.39767437938 -1.76834486478 1.41986768118
7.931700 1.58561888734 0.780333702959 1.54066230064 -1.99070191587 2.39729076389 -1.76757787222 1.41871766916
7.941718 1.58600226442 0.781100695528 1.54027880435 -1.9895513078 2.39844113353 -1.76757787222 1.41526584497
7.951700 1.58600226442 0.781100695528 1.54027880435 -1.9895513078 2.39844113353 -1.76757787222 1.41526584497
7.961698 1.58600226442 0.781100695528 1.54027880435 -1.9895513078 2.39844113353 -1.76757787222 1.41526584497
7.971700 1.58600226442 0.781100695528 1.53989459281 -1.99031830037 2.39844113353 -1.76719437593 1.40874676576
7.981700 1.58561888734 0.780717199244 1.53951109653 -1.9899349233 2.39844113353 -1.76566039079 1.40797977319
7.991699 1.58561888734 0.777649228968 1.53989459281 -1.99031830037 2.39767437938 -1.76642738336 1.40606193414
8.001699 1.58561888734 0.777649228968 1.53989459281 -1.99031830037 2.39767437938 -1.76642738336 1.40606193414
8.011700 1.58561888734 0.777649228968 1.53989459281 -1.99031830037 2.39767437938 -1.76642738336 1.40606193414
8.021700 1.58561888734 0.777649228968 1.53989459281 -1.9895513078 2.39805823329 -1.76834486478 1.40261082521
8.031695 1.58561888734 0.776498740115 1.53989459281 -1.9899349233 2.39805823329 -1.76757787222 1.40069334379
8.041671 1.58523551027 0.776498740115 1.53951109653 -1.9899349233 2.39690738681 -1.76681087965 1.4003098475
8.051699 1.58523551027 0.776498740115 1.53951109653 -1.9899349233 2.39690738681 -1.76681087965 1.4003098475
8.061695 1.58523551027 0.776498740115 1.53951109653 -1.9899349233 2.39690738681 -1.76681087965 1.4003098475
8.071689 1.58485165635 0.77611524383 1.54027880435 -1.9899349233 2.39729076389 -1.7679613685 1.39762537351
8.081700 1.58600226442 0.776882236399 1.53912760024 -1.9899349233 2.39805823329 -1.76681087965 1.39647452703
8.091700 1.58600226442 0.774581258692 1.53989459281 -1.9895513078 2.39767437938 -1.76757787222 1.39570789209
8.101698 1.58600226442 0.774581258692 1.53989459281 -1.9895513078 2.39767437938 -1.76757787222 1.39570789209
8.111701 1.58600226442 0.774581258692 1.53989459281 -1.9895513078 2.39767437938 -1.76757787222 1.39570789209
8.121699 1.58600226442 0.776498740115 1.53874446159 -1.9899349233 2.39805823329 -1.76872836107 1.39379005304
8.131700 1.58523551027 0.773814266123 1.53989459281 -1.9899349233 2.39844113353 -1.76719437593 1.39379005304
8.141671 1.58600226442 0.775348251261 1.53989459281 -1.9895513078 2.39805823329 -1.76642738336 1.39417390695
8.151696 1.58600226442 0.775348251261 1.53989459281 -1.9895513078 2.39805823329 -1.76642738336 1.39417390695
8.161695 1.58600226442 0.775348251261 1.53989459281 -1.9895513078 2.39805823329 -1.76642738336 1.39417390695
8.171697 1.58600226442 0.774581258692 1.54027880435 -1.9899349233 2.39805823329 -1.7679613685 1.39340655676
8.181702 1.58676949541 0.775731747546 1.53989459281 -1.9895513078 2.39805823329 -1.7679613685 1.3930234181
8.191700 1.58638564149 0.774581258692 1.53951109653 -1.9899349233 2.39767437938 -1.7679613685 1.39379005304
8.201699 1.58638564149 0.774581258692 1.53951109653 -1.9899349233 2.39767437938 -1.7679613685 1.39379005304
8.211709 1.58638564149 0.774581258692 1.53951109653 -1.9899349233 2.39767437938 -1.7679613685 1.39379005304
8.221695 1.58600226442 0.775348251261 1.53989459281 -1.99031830037 2.39767437938 -1.76872836107 1.39417390695
8.231698 1.58523551027 0.774581258692 1.53989459281 -1.99031830037 2.39805823329 -1.7679613685 1.39340655676
8.241700 1.58561888734 0.774964754977 1.53951109653 -1.9899349233 2.39805823329 -1.76757787222 1.39340655676
8.251698 1.58561888734 0.774964754977 1.53951109653 -1.9899349233 2.39805823329 -1.76757787222 1.39340655676
8.261699 1.58561888734 0.774964754977 1.53951109653 -1.9899349233 2.39805823329 -1.76757787222 1.39340655676
8.271689 1.58561888734 0.77611524383 1.53989459281 -1.9899349233 2.39729076389 -1.76719437593 1.39340655676
8.281702 1.58523551027 0.775348251261 1.54027880435 -1.98878431523 2.39729076389 -1.76719437593 1.3930234181
